"","Date","Absents","Paramset","Infections_or_Exposed_per_day_Patient","Infections_or_Exposed_per_day_HCW","total_infections","nosocomial_proportion","PCR_pooled","LFD_pooled","HCW_symp_test","patient_symp_test","new_hcw_infs","cumulative_hcw_infs","new_pat_infs","cumulative_pats_infs","new_nosocomial_hcw_infs","new_nosocomial_pat_infs"
"1","2020-03-12",1,1,8,16,819,0.67032967032967,8265,10032,45,97,9,16,3,5,NA,3
"2","2020-03-13",1,1,12,27,819,0.67032967032967,8265,10032,45,97,11,27,1,6,NA,1
"3","2020-03-14",2,1,17,38,819,0.67032967032967,8265,10032,45,97,11,38,5,11,1,5
"4","2020-03-15",2,1,22,49,819,0.67032967032967,8265,10032,45,97,11,49,5,16,2,5
"5","2020-03-16",3,1,24,60,819,0.67032967032967,8265,10032,45,97,11,60,5,21,4,5
"6","2020-03-17",5,1,35,74,819,0.67032967032967,8265,10032,45,97,14,74,12,33,7,12
"7","2020-03-18",7,1,34,85,819,0.67032967032967,8265,10032,45,97,12,86,6,39,8,6
"8","2020-03-19",8,1,33,95,819,0.67032967032967,8265,10032,45,97,13,99,6,45,9,6
"9","2020-03-20",13,1,27,108,819,0.67032967032967,8265,10032,45,97,17,116,3,48,10,3
"10","2020-03-21",22,1,25,120,819,0.67032967032967,8265,10032,45,97,15,131,3,51,10,3
"11","2020-03-22",29,1,27,130,819,0.67032967032967,8265,10032,45,97,14,145,7,58,9,7
"12","2020-03-23",28,1,31,131,819,0.67032967032967,8265,10032,45,97,10,155,10,68,7,10
"13","2020-03-24",30,1,35,131,819,0.67032967032967,8265,10032,45,97,16,171,5,73,11,5
"14","2020-03-25",31,1,37,136,819,0.67032967032967,8265,10032,45,97,12,183,7,80,10,7
"15","2020-03-26",32,1,35,140,819,0.67032967032967,8265,10032,45,97,16,199,5,85,10,5
"16","2020-03-27",36,1,38,145,819,0.67032967032967,8265,10032,45,97,17,216,6,91,10,6
"17","2020-03-28",34,1,37,147,819,0.67032967032967,8265,10032,45,97,16,232,5,96,11,5
"18","2020-03-29",34,1,34,156,819,0.67032967032967,8265,10032,45,97,21,253,5,101,13,5
"19","2020-03-30",39,1,39,157,819,0.67032967032967,8265,10032,45,97,9,262,11,112,7,11
"20","2020-03-31",43,1,37,165,819,0.67032967032967,8265,10032,45,97,18,280,6,118,13,6
"21","2020-04-01",50,1,36,159,819,0.67032967032967,8265,10032,45,97,10,290,5,123,6,5
"22","2020-04-02",52,1,31,166,819,0.67032967032967,8265,10032,45,97,20,310,3,126,14,3
"23","2020-04-03",56,1,35,167,819,0.67032967032967,8265,10032,45,97,20,330,6,132,16,6
"24","2020-04-04",56,1,31,160,819,0.67032967032967,8265,10032,45,97,11,341,3,135,9,3
"25","2020-04-05",61,1,33,156,819,0.67032967032967,8265,10032,45,97,13,354,5,140,11,5
"26","2020-04-06",61,1,29,151,819,0.67032967032967,8265,10032,45,97,9,363,3,143,7,3
"27","2020-04-07",55,1,27,154,819,0.67032967032967,8265,10032,45,97,13,376,NA,NA,9,NA
"28","2020-04-08",51,1,24,154,819,0.67032967032967,8265,10032,45,97,16,392,4,147,15,4
"29","2020-04-09",54,1,22,149,819,0.67032967032967,8265,10032,45,97,10,402,1,148,7,1
"30","2020-04-10",53,1,24,149,819,0.67032967032967,8265,10032,45,97,13,415,4,152,11,4
"31","2020-04-11",58,1,27,139,819,0.67032967032967,8265,10032,45,97,9,424,4,156,8,4
"32","2020-04-12",47,1,28,143,819,0.67032967032967,8265,10032,45,97,17,441,6,162,12,6
"33","2020-04-13",43,1,29,142,819,0.67032967032967,8265,10032,45,97,13,454,6,168,9,6
"34","2020-04-14",44,1,24,135,819,0.67032967032967,8265,10032,45,97,10,464,1,169,8,1
"35","2020-04-15",46,1,21,128,819,0.67032967032967,8265,10032,45,97,10,474,3,172,7,3
"36","2020-04-16",41,1,19,124,819,0.67032967032967,8265,10032,45,97,9,483,4,176,8,4
"37","2020-04-17",47,1,21,123,819,0.67032967032967,8265,10032,45,97,8,491,5,181,4,5
"38","2020-04-18",51,1,19,128,819,0.67032967032967,8265,10032,45,97,10,501,4,185,8,4
"39","2020-04-19",48,1,11,119,819,0.67032967032967,8265,10032,45,97,5,506,NA,NA,3,NA
"40","2020-04-20",42,1,12,110,819,0.67032967032967,8265,10032,45,97,7,513,1,186,7,1
"41","2020-04-21",45,1,10,108,819,0.67032967032967,8265,10032,45,97,8,521,2,188,7,2
"42","2020-04-22",42,1,13,103,819,0.67032967032967,8265,10032,45,97,5,526,3,191,4,3
"43","2020-04-23",39,1,14,99,819,0.67032967032967,8265,10032,45,97,11,537,1,192,8,1
"44","2020-04-24",41,1,14,94,819,0.67032967032967,8265,10032,45,97,7,544,1,193,6,1
"45","2020-04-25",35,1,17,91,819,0.67032967032967,8265,10032,45,97,8,552,4,197,6,4
"46","2020-04-26",31,1,16,88,819,0.67032967032967,8265,10032,45,97,8,560,1,198,8,1
"47","2020-04-27",34,1,18,83,819,0.67032967032967,8265,10032,45,97,12,572,3,201,8,3
"48","2020-04-28",30,1,11,92,819,0.67032967032967,8265,10032,45,97,11,583,1,202,7,1
"49","2020-04-29",26,1,11,88,819,0.67032967032967,8265,10032,45,97,7,590,1,203,7,1
"50","2020-04-30",36,1,14,91,819,0.67032967032967,8265,10032,45,97,9,599,2,205,7,2
"51","2020-05-01",33,1,14,93,819,0.67032967032967,8265,10032,45,97,7,606,4,209,4,4
"52","2020-05-02",38,1,12,95,819,0.67032967032967,8265,10032,45,97,8,614,NA,NA,7,NA
"53","2020-05-03",36,1,10,92,819,0.67032967032967,8265,10032,45,97,7,621,1,210,7,1
"54","2020-05-04",35,1,11,93,819,0.67032967032967,8265,10032,45,97,5,626,2,212,3,2
"55","2020-05-05",36,1,8,85,819,0.67032967032967,8265,10032,45,97,3,629,1,213,3,1
"56","2020-05-06",35,1,6,81,819,0.67032967032967,8265,10032,45,97,6,635,1,214,3,1
"57","2020-05-07",29,1,6,82,819,0.67032967032967,8265,10032,45,97,6,641,NA,NA,5,NA
"58","2020-05-08",33,1,6,79,819,0.67032967032967,8265,10032,45,97,6,647,NA,NA,3,NA
"59","2020-05-09",31,1,3,75,819,0.67032967032967,8265,10032,45,97,6,653,NA,NA,3,NA
"60","2020-05-10",28,1,2,68,819,0.67032967032967,8265,10032,45,97,3,656,NA,NA,3,NA
"61","2020-05-11",25,1,2,61,819,0.67032967032967,8265,10032,45,97,3,659,NA,NA,3,NA
"62","2020-05-12",21,1,2,61,819,0.67032967032967,8265,10032,45,97,7,666,NA,NA,3,NA
"63","2020-05-13",25,1,2,60,819,0.67032967032967,8265,10032,45,97,5,671,NA,NA,5,NA
"64","2020-05-14",22,1,2,58,819,0.67032967032967,8265,10032,45,97,4,675,NA,NA,3,NA
"65","2020-05-15",16,1,2,54,819,0.67032967032967,8265,10032,45,97,5,680,NA,NA,3,NA
"66","2020-05-16",13,1,2,50,819,0.67032967032967,8265,10032,45,97,3,683,NA,NA,2,NA
"67","2020-05-17",14,1,2,55,819,0.67032967032967,8265,10032,45,97,9,692,NA,NA,5,NA
"68","2020-05-18",12,1,2,57,819,0.67032967032967,8265,10032,45,97,10,702,NA,NA,6,NA
"69","2020-05-19",10,1,2,61,819,0.67032967032967,8265,10032,45,97,5,707,NA,NA,3,NA
"70","2020-05-20",6,1,2,63,819,0.67032967032967,8265,10032,45,97,4,711,NA,NA,2,NA
"71","2020-05-21",9,1,2,57,819,0.67032967032967,8265,10032,45,97,7,718,NA,NA,3,NA
"72","2020-05-22",12,1,2,61,819,0.67032967032967,8265,10032,45,97,9,727,NA,NA,8,NA
"73","2020-05-23",12,1,2,64,819,0.67032967032967,8265,10032,45,97,7,734,NA,NA,4,NA
"74","2020-05-24",13,1,2,61,819,0.67032967032967,8265,10032,45,97,4,738,NA,NA,4,NA
"75","2020-05-25",14,1,3,64,819,0.67032967032967,8265,10032,45,97,7,745,NA,NA,4,NA
"76","2020-05-26",15,1,5,69,819,0.67032967032967,8265,10032,45,97,9,754,2,216,6,2
"77","2020-05-27",19,1,5,72,819,0.67032967032967,8265,10032,45,97,7,761,NA,NA,5,NA
"78","2020-05-28",16,1,3,73,819,0.67032967032967,8265,10032,45,97,3,764,NA,NA,2,NA
"79","2020-05-29",16,1,4,69,819,0.67032967032967,8265,10032,45,97,5,769,NA,NA,5,NA
"80","2020-05-30",18,1,6,68,819,0.67032967032967,8265,10032,45,97,8,777,3,219,7,3
"81","2020-05-31",25,1,11,65,819,0.67032967032967,8265,10032,45,97,1,778,5,224,NA,5
"82","2020-06-01",25,1,12,66,819,0.67032967032967,8265,10032,45,97,6,784,2,226,4,2
"83","2020-06-02",23,1,13,61,819,0.67032967032967,8265,10032,45,97,3,787,2,228,3,2
"84","2020-06-03",20,1,12,64,819,0.67032967032967,8265,10032,45,97,7,794,1,229,5,1
"85","2020-06-04",25,1,12,66,819,0.67032967032967,8265,10032,45,97,10,804,2,231,8,2
"86","2020-06-05",26,1,11,62,819,0.67032967032967,8265,10032,45,97,3,807,2,233,2,2
"87","2020-06-06",26,1,8,58,819,0.67032967032967,8265,10032,45,97,4,811,NA,NA,2,NA
"88","2020-06-07",23,1,7,54,819,0.67032967032967,8265,10032,45,97,3,814,2,235,2,2
"89","2020-03-08",1,2,0,0,2736,0.951023391812866,8280,22212,198,81,NA,NA,NA,NA,NA,NA
"90","2020-03-09",1,2,0,0,2736,0.951023391812866,8280,22212,198,81,NA,NA,NA,NA,NA,NA
"91","2020-03-10",0,2,0,0,2736,0.951023391812866,8280,22212,198,81,NA,NA,NA,NA,NA,NA
"92","2020-03-11",0,2,0,0,2736,0.951023391812866,8280,22212,198,81,11,11,1,1,NA,1
"93","2020-03-12",0,2,0,0,2736,0.951023391812866,8280,22212,198,81,5,16,6,7,NA,6
"94","2020-03-13",4,2,10,17,2736,0.951023391812866,8280,22212,198,81,10,26,7,14,1,7
"95","2020-03-14",4,2,13,23,2736,0.951023391812866,8280,22212,198,81,8,34,7,21,3,7
"96","2020-03-15",0,2,0,0,2736,0.951023391812866,8280,22212,198,81,10,44,7,28,2,7
"97","2020-03-16",2,2,16,34,2736,0.951023391812866,8280,22212,198,81,11,55,1,29,2,1
"98","2020-03-17",3,2,21,42,2736,0.951023391812866,8280,22212,198,81,11,66,13,42,5,13
"99","2020-03-18",5,2,20,52,2736,0.951023391812866,8280,22212,198,81,7,73,4,46,4,4
"100","2020-03-19",7,2,15,62,2736,0.951023391812866,8280,22212,198,81,14,87,16,62,8,16
"101","2020-03-20",9,2,20,67,2736,0.951023391812866,8280,22212,198,81,16,103,9,71,7,9
"102","2020-03-21",13,2,19,76,2736,0.951023391812866,8280,22212,198,81,11,114,16,87,7,16
"103","2020-03-22",17,2,17,89,2736,0.951023391812866,8280,22212,198,81,10,124,16,103,6,16
"104","2020-03-23",19,2,17,94,2736,0.951023391812866,8280,22212,198,81,22,146,10,113,16,10
"105","2020-03-24",21,2,23,104,2736,0.951023391812866,8280,22212,198,81,19,165,11,124,13,11
"106","2020-03-25",26,2,16,107,2736,0.951023391812866,8280,22212,198,81,16,181,10,134,12,10
"107","2020-03-26",29,2,17,112,2736,0.951023391812866,8280,22212,198,81,17,198,6,140,11,6
"108","2020-03-27",36,2,16,118,2736,0.951023391812866,8280,22212,198,81,16,214,5,145,9,5
"109","2020-03-28",34,2,23,131,2736,0.951023391812866,8280,22212,198,81,14,228,11,156,10,11
"110","2020-03-29",36,2,23,143,2736,0.951023391812866,8280,22212,198,81,17,245,11,167,14,11
"111","2020-03-30",36,2,19,155,2736,0.951023391812866,8280,22212,198,81,16,261,3,170,13,3
"112","2020-03-31",36,2,27,153,2736,0.951023391812866,8280,22212,198,81,20,281,14,184,17,14
"113","2020-04-01",34,2,24,157,2736,0.951023391812866,8280,22212,198,81,21,302,5,189,14,5
"114","2020-04-02",35,2,24,170,2736,0.951023391812866,8280,22212,198,81,12,314,6,195,11,6
"115","2020-04-03",42,2,29,186,2736,0.951023391812866,8280,22212,198,81,16,330,4,199,15,4
"116","2020-04-04",45,2,36,205,2736,0.951023391812866,8280,22212,198,81,20,350,6,205,18,6
"117","2020-04-05",49,2,37,218,2736,0.951023391812866,8280,22212,198,81,14,364,9,214,10,9
"118","2020-04-06",55,2,29,230,2736,0.951023391812866,8280,22212,198,81,19,383,7,221,14,7
"119","2020-04-07",58,2,27,230,2736,0.951023391812866,8280,22212,198,81,13,396,6,227,10,6
"120","2020-04-08",61,2,28,246,2736,0.951023391812866,8280,22212,198,81,11,407,8,235,10,8
"121","2020-04-09",64,2,26,264,2736,0.951023391812866,8280,22212,198,81,18,425,7,242,15,7
"122","2020-04-10",79,2,24,276,2736,0.951023391812866,8280,22212,198,81,13,438,5,247,12,5
"123","2020-04-11",98,2,24,268,2736,0.951023391812866,8280,22212,198,81,9,447,4,251,8,4
"124","2020-04-12",97,2,22,281,2736,0.951023391812866,8280,22212,198,81,10,457,NA,NA,7,NA
"125","2020-04-13",88,2,14,289,2736,0.951023391812866,8280,22212,198,81,11,468,6,257,9,6
"126","2020-04-14",88,2,15,300,2736,0.951023391812866,8280,22212,198,81,11,479,8,265,11,8
"127","2020-04-15",90,2,15,306,2736,0.951023391812866,8280,22212,198,81,10,489,8,273,8,8
"128","2020-04-16",91,2,15,305,2736,0.951023391812866,8280,22212,198,81,12,501,1,274,8,1
"129","2020-04-17",97,2,21,314,2736,0.951023391812866,8280,22212,198,81,4,505,6,280,4,6
"130","2020-04-18",99,2,18,319,2736,0.951023391812866,8280,22212,198,81,11,516,5,285,8,5
"131","2020-04-19",89,2,20,329,2736,0.951023391812866,8280,22212,198,81,12,528,2,287,9,2
"132","2020-04-20",89,2,18,341,2736,0.951023391812866,8280,22212,198,81,3,531,1,288,2,1
"133","2020-04-21",94,2,23,355,2736,0.951023391812866,8280,22212,198,81,9,540,6,294,6,6
"134","2020-04-22",97,2,25,371,2736,0.951023391812866,8280,22212,198,81,4,544,3,297,2,3
"135","2020-04-23",100,2,27,386,2736,0.951023391812866,8280,22212,198,81,10,554,6,303,9,6
"136","2020-04-24",113,2,25,410,2736,0.951023391812866,8280,22212,198,81,6,560,6,309,5,6
"137","2020-04-25",120,2,26,429,2736,0.951023391812866,8280,22212,198,81,9,569,5,314,9,5
"138","2020-04-26",133,2,24,446,2736,0.951023391812866,8280,22212,198,81,8,577,7,321,7,7
"139","2020-04-27",139,2,29,479,2736,0.951023391812866,8280,22212,198,81,8,585,6,327,6,6
"140","2020-04-28",139,2,28,489,2736,0.951023391812866,8280,22212,198,81,10,595,1,328,7,1
"141","2020-04-29",147,2,29,498,2736,0.951023391812866,8280,22212,198,81,8,603,2,330,8,2
"142","2020-04-30",156,2,29,509,2736,0.951023391812866,8280,22212,198,81,9,612,4,334,9,4
"143","2020-05-01",171,2,25,507,2736,0.951023391812866,8280,22212,198,81,4,616,2,336,4,2
"144","2020-05-02",172,2,28,498,2736,0.951023391812866,8280,22212,198,81,10,626,2,338,7,2
"145","2020-05-03",177,2,24,513,2736,0.951023391812866,8280,22212,198,81,11,637,NA,NA,6,NA
"146","2020-05-04",178,2,19,510,2736,0.951023391812866,8280,22212,198,81,5,642,1,339,4,1
"147","2020-05-05",176,2,16,519,2736,0.951023391812866,8280,22212,198,81,7,649,2,341,7,2
"148","2020-05-06",179,2,11,528,2736,0.951023391812866,8280,22212,198,81,12,661,NA,NA,10,NA
"149","2020-05-07",176,2,11,532,2736,0.951023391812866,8280,22212,198,81,8,669,NA,NA,7,NA
"150","2020-05-08",177,2,11,528,2736,0.951023391812866,8280,22212,198,81,12,681,2,343,11,2
"151","2020-05-09",170,2,9,519,2736,0.951023391812866,8280,22212,198,81,10,691,NA,NA,8,NA
"152","2020-05-10",170,2,13,511,2736,0.951023391812866,8280,22212,198,81,9,700,1,344,7,1
"153","2020-05-11",166,2,11,499,2736,0.951023391812866,8280,22212,198,81,5,705,NA,NA,5,NA
"154","2020-05-12",156,2,12,486,2736,0.951023391812866,8280,22212,198,81,9,714,1,345,9,1
"155","2020-05-13",152,2,13,484,2736,0.951023391812866,8280,22212,198,81,5,719,2,347,5,2
"156","2020-05-14",159,2,12,473,2736,0.951023391812866,8280,22212,198,81,11,730,1,348,9,1
"157","2020-05-15",167,2,10,468,2736,0.951023391812866,8280,22212,198,81,11,741,3,351,10,3
"158","2020-05-16",176,2,10,464,2736,0.951023391812866,8280,22212,198,81,15,756,2,353,14,2
"159","2020-05-17",154,2,7,447,2736,0.951023391812866,8280,22212,198,81,10,766,1,354,10,1
"160","2020-05-18",152,2,7,437,2736,0.951023391812866,8280,22212,198,81,7,773,4,358,4,4
"161","2020-05-19",148,2,5,429,2736,0.951023391812866,8280,22212,198,81,9,782,1,359,8,1
"162","2020-05-20",141,2,4,438,2736,0.951023391812866,8280,22212,198,81,10,792,4,363,8,4
"163","2020-05-21",130,2,4,433,2736,0.951023391812866,8280,22212,198,81,8,800,5,368,5,5
"164","2020-05-22",126,2,4,441,2736,0.951023391812866,8280,22212,198,81,9,809,6,374,7,6
"165","2020-05-23",117,2,5,440,2736,0.951023391812866,8280,22212,198,81,9,818,3,377,9,3
"166","2020-05-24",129,2,6,435,2736,0.951023391812866,8280,22212,198,81,6,824,5,382,6,5
"167","2020-05-25",132,2,8,441,2736,0.951023391812866,8280,22212,198,81,6,830,4,386,4,4
"168","2020-05-26",127,2,8,432,2736,0.951023391812866,8280,22212,198,81,7,837,6,392,6,6
"169","2020-05-27",130,2,12,416,2736,0.951023391812866,8280,22212,198,81,6,843,10,402,5,10
"170","2020-05-28",136,2,12,394,2736,0.951023391812866,8280,22212,198,81,8,851,8,410,5,8
"171","2020-05-29",143,2,11,382,2736,0.951023391812866,8280,22212,198,81,7,858,9,419,7,9
"172","2020-05-30",162,2,12,379,2736,0.951023391812866,8280,22212,198,81,3,861,5,424,3,5
"173","2020-05-31",142,2,10,371,2736,0.951023391812866,8280,22212,198,81,2,863,3,427,2,3
"174","2020-06-01",134,2,12,360,2736,0.951023391812866,8280,22212,198,81,7,870,5,432,6,5
"175","2020-06-02",135,2,15,350,2736,0.951023391812866,8280,22212,198,81,7,877,5,437,5,5
"176","2020-06-03",134,2,13,341,2736,0.951023391812866,8280,22212,198,81,5,882,4,441,2,4
"177","2020-06-04",125,2,11,327,2736,0.951023391812866,8280,22212,198,81,5,887,3,444,4,3
"178","2020-06-05",124,2,11,316,2736,0.951023391812866,8280,22212,198,81,3,890,1,445,2,1
"179","2020-06-06",105,2,10,314,2736,0.951023391812866,8280,22212,198,81,3,893,3,448,2,3
"180","2020-06-07",112,2,10,298,2736,0.951023391812866,8280,22212,198,81,7,900,7,455,6,7
"181","2020-03-15",5,3,37,43,2139,0.890603085553997,8310,19060,124,373,13,35,13,40,12,13
"182","2020-03-16",7,3,42,54,2139,0.890603085553997,8310,19060,124,373,9,44,3,43,7,3
"183","2020-03-17",6,3,64,72,2139,0.890603085553997,8310,19060,124,373,11,55,9,52,10,9
"184","2020-03-18",7,3,68,88,2139,0.890603085553997,8310,19060,124,373,10,65,15,67,10,15
"185","2020-03-19",15,3,64,98,2139,0.890603085553997,8310,19060,124,373,12,77,5,72,10,5
"186","2020-03-20",23,3,69,117,2139,0.890603085553997,8310,19060,124,373,16,93,11,83,15,11
"187","2020-03-21",28,3,83,138,2139,0.890603085553997,8310,19060,124,373,17,110,11,94,17,11
"188","2020-03-22",30,3,87,153,2139,0.890603085553997,8310,19060,124,373,21,131,5,99,21,5
"189","2020-03-23",33,3,97,174,2139,0.890603085553997,8310,19060,124,373,18,149,12,111,15,12
"190","2020-03-24",34,3,91,188,2139,0.890603085553997,8310,19060,124,373,38,187,9,120,37,9
"191","2020-03-25",43,3,86,206,2139,0.890603085553997,8310,19060,124,373,27,214,9,129,27,9
"192","2020-03-26",46,3,87,210,2139,0.890603085553997,8310,19060,124,373,27,241,12,141,27,12
"193","2020-03-27",47,3,81,213,2139,0.890603085553997,8310,19060,124,373,21,262,10,151,18,10
"194","2020-03-28",55,3,90,229,2139,0.890603085553997,8310,19060,124,373,46,308,8,159,43,8
"195","2020-03-29",64,3,94,235,2139,0.890603085553997,8310,19060,124,373,42,350,14,173,41,14
"196","2020-03-30",71,3,96,244,2139,0.890603085553997,8310,19060,124,373,42,392,9,182,41,9
"197","2020-03-31",74,3,105,246,2139,0.890603085553997,8310,19060,124,373,50,442,12,194,49,12
"198","2020-04-01",77,3,113,246,2139,0.890603085553997,8310,19060,124,373,69,511,4,198,65,4
"199","2020-04-02",72,3,108,239,2139,0.890603085553997,8310,19060,124,373,58,569,10,208,56,10
"200","2020-04-03",81,3,118,245,2139,0.890603085553997,8310,19060,124,373,57,626,7,215,56,7
"201","2020-04-04",92,3,127,253,2139,0.890603085553997,8310,19060,124,373,63,689,5,220,63,5
"202","2020-04-05",81,3,132,250,2139,0.890603085553997,8310,19060,124,373,46,735,9,229,45,9
"203","2020-04-06",74,3,138,260,2139,0.890603085553997,8310,19060,124,373,84,819,10,239,81,10
"204","2020-04-07",76,3,155,272,2139,0.890603085553997,8310,19060,124,373,63,882,12,251,61,12
"205","2020-04-08",70,3,153,276,2139,0.890603085553997,8310,19060,124,373,70,952,18,269,68,18
"206","2020-04-09",72,3,163,273,2139,0.890603085553997,8310,19060,124,373,103,1055,17,286,102,17
"207","2020-04-10",77,3,178,283,2139,0.890603085553997,8310,19060,124,373,76,1131,10,296,75,10
"208","2020-04-11",67,3,172,294,2139,0.890603085553997,8310,19060,124,373,73,1204,10,306,72,10
"209","2020-04-12",78,3,179,287,2139,0.890603085553997,8310,19060,124,373,86,1290,8,314,85,8
"210","2020-04-13",79,3,175,307,2139,0.890603085553997,8310,19060,124,373,93,1383,5,319,93,5
"211","2020-04-14",81,3,160,310,2139,0.890603085553997,8310,19060,124,373,94,1477,8,327,94,8
"212","2020-04-15",85,3,143,310,2139,0.890603085553997,8310,19060,124,373,101,1578,6,333,99,6
"213","2020-04-16",94,3,126,314,2139,0.890603085553997,8310,19060,124,373,97,1675,9,342,97,9
"214","2020-04-17",97,3,110,326,2139,0.890603085553997,8310,19060,124,373,119,1794,10,352,118,10
"215","2020-04-18",108,3,103,335,2139,0.890603085553997,8310,19060,124,373,76,1870,8,360,73,8
"216","2020-04-19",115,3,94,335,2139,0.890603085553997,8310,19060,124,373,120,1990,8,368,119,8
"217","2020-04-20",109,3,90,343,2139,0.890603085553997,8310,19060,124,373,75,2065,9,377,73,9
"218","2020-04-21",106,3,95,342,2139,0.890603085553997,8310,19060,124,373,102,2167,7,384,101,7
"219","2020-04-22",110,3,93,342,2139,0.890603085553997,8310,19060,124,373,92,2259,3,387,92,3
"220","2020-04-23",106,3,95,341,2139,0.890603085553997,8310,19060,124,373,108,2367,4,391,108,4
"221","2020-04-24",110,3,105,328,2139,0.890603085553997,8310,19060,124,373,96,2463,4,395,96,4
"222","2020-04-25",109,3,111,324,2139,0.890603085553997,8310,19060,124,373,124,2587,5,400,124,5
"223","2020-04-26",99,3,122,337,2139,0.890603085553997,8310,19060,124,373,82,2669,6,406,82,6
"224","2020-04-27",104,3,130,335,2139,0.890603085553997,8310,19060,124,373,79,2748,3,409,79,3
"225","2020-04-28",100,3,133,324,2139,0.890603085553997,8310,19060,124,373,90,2838,1,410,90,1
"226","2020-04-29",96,3,127,330,2139,0.890603085553997,8310,19060,124,373,112,2950,6,416,111,6
"227","2020-04-30",92,3,125,322,2139,0.890603085553997,8310,19060,124,373,100,3050,2,418,99,2
"228","2020-05-01",101,3,132,313,2139,0.890603085553997,8310,19060,124,373,89,3139,6,424,89,6
"229","2020-05-02",110,3,129,310,2139,0.890603085553997,8310,19060,124,373,77,3216,2,426,77,2
"230","2020-05-03",107,3,115,300,2139,0.890603085553997,8310,19060,124,373,82,3298,4,430,82,4
"231","2020-05-04",98,3,111,308,2139,0.890603085553997,8310,19060,124,373,83,3381,1,431,81,1
"232","2020-05-05",95,3,121,328,2139,0.890603085553997,8310,19060,124,373,73,3454,2,433,73,2
"233","2020-05-06",99,3,121,312,2139,0.890603085553997,8310,19060,124,373,78,3532,1,434,78,1
"234","2020-05-07",99,3,124,311,2139,0.890603085553997,8310,19060,124,373,61,3593,1,435,61,1
"235","2020-05-08",105,3,114,310,2139,0.890603085553997,8310,19060,124,373,75,3668,2,437,75,2
"236","2020-05-09",105,3,124,302,2139,0.890603085553997,8310,19060,124,373,51,3719,4,441,51,4
"237","2020-05-10",97,3,122,288,2139,0.890603085553997,8310,19060,124,373,53,3772,6,447,53,6
"238","2020-05-11",95,3,130,278,2139,0.890603085553997,8310,19060,124,373,52,3824,3,450,52,3
"239","2020-05-12",96,3,120,281,2139,0.890603085553997,8310,19060,124,373,55,3879,5,455,55,5
"240","2020-05-13",93,3,108,288,2139,0.890603085553997,8310,19060,124,373,51,3930,6,461,51,6
"241","2020-05-14",96,3,92,277,2139,0.890603085553997,8310,19060,124,373,40,3970,6,467,40,6
"242","2020-05-15",89,3,90,273,2139,0.890603085553997,8310,19060,124,373,33,4003,NA,NA,33,NA
"243","2020-05-16",81,3,98,272,2139,0.890603085553997,8310,19060,124,373,43,4046,NA,NA,43,NA
"244","2020-05-17",76,3,93,261,2139,0.890603085553997,8310,19060,124,373,29,4075,1,468,29,1
"245","2020-05-18",71,3,90,258,2139,0.890603085553997,8310,19060,124,373,23,4098,2,470,23,2
"246","2020-05-19",70,3,82,265,2139,0.890603085553997,8310,19060,124,373,47,4145,3,473,47,3
"247","2020-05-20",75,3,89,247,2139,0.890603085553997,8310,19060,124,373,33,4178,2,475,33,2
"248","2020-05-21",71,3,83,246,2139,0.890603085553997,8310,19060,124,373,35,4213,3,478,35,3
"249","2020-05-22",89,3,85,252,2139,0.890603085553997,8310,19060,124,373,30,4243,1,479,30,1
"250","2020-05-23",91,3,83,265,2139,0.890603085553997,8310,19060,124,373,17,4260,4,483,17,4
"251","2020-05-24",85,3,77,265,2139,0.890603085553997,8310,19060,124,373,23,4283,NA,NA,22,NA
"252","2020-05-25",90,3,73,264,2139,0.890603085553997,8310,19060,124,373,21,4304,4,487,21,4
"253","2020-05-26",81,3,80,264,2139,0.890603085553997,8310,19060,124,373,18,4322,4,491,18,4
"254","2020-05-27",73,3,88,262,2139,0.890603085553997,8310,19060,124,373,14,4336,2,493,14,2
"255","2020-05-28",76,3,81,266,2139,0.890603085553997,8310,19060,124,373,13,4349,2,495,13,2
"256","2020-05-29",78,3,79,261,2139,0.890603085553997,8310,19060,124,373,12,4361,NA,NA,12,NA
"257","2020-05-30",92,3,72,261,2139,0.890603085553997,8310,19060,124,373,19,4380,2,497,19,2
"258","2020-05-31",97,3,70,256,2139,0.890603085553997,8310,19060,124,373,5,4385,NA,NA,4,NA
"259","2020-06-01",93,3,64,248,2139,0.890603085553997,8310,19060,124,373,13,4398,3,500,13,3
"260","2020-06-02",99,3,63,243,2139,0.890603085553997,8310,19060,124,373,6,4404,2,502,6,2
"261","2020-06-03",97,3,58,235,2139,0.890603085553997,8310,19060,124,373,10,4414,2,504,10,2
"262","2020-06-04",102,3,55,225,2139,0.890603085553997,8310,19060,124,373,6,4420,4,508,6,4
"263","2020-06-05",96,3,56,218,2139,0.890603085553997,8310,19060,124,373,9,4429,2,510,9,2
"264","2020-06-06",83,3,54,206,2139,0.890603085553997,8310,19060,124,373,8,4437,3,513,8,3
"265","2020-06-07",72,3,52,197,2139,0.890603085553997,8310,19060,124,373,6,4443,NA,NA,6,NA
"266","2020-03-13",1,4,18,13,1576,0.941624365482233,8325,16077,90,111,12,39,18,40,7,18
"267","2020-03-14",1,4,14,19,1576,0.941624365482233,8325,16077,90,111,18,57,15,55,10,15
"268","2020-03-15",1,4,18,29,1576,0.941624365482233,8325,16077,90,111,21,78,11,66,8,11
"269","2020-03-16",4,4,29,38,1576,0.941624365482233,8325,16077,90,111,24,102,4,70,17,4
"270","2020-03-17",7,4,27,45,1576,0.941624365482233,8325,16077,90,111,29,131,15,85,23,15
"271","2020-03-18",9,4,36,51,1576,0.941624365482233,8325,16077,90,111,24,155,20,105,16,20
"272","2020-03-19",10,4,29,61,1576,0.941624365482233,8325,16077,90,111,14,169,11,116,10,11
"273","2020-03-20",10,4,36,74,1576,0.941624365482233,8325,16077,90,111,20,189,9,125,13,9
"274","2020-03-21",15,4,34,83,1576,0.941624365482233,8325,16077,90,111,16,205,8,133,10,8
"275","2020-03-22",16,4,38,95,1576,0.941624365482233,8325,16077,90,111,22,227,6,139,18,6
"276","2020-03-23",18,4,31,102,1576,0.941624365482233,8325,16077,90,111,22,249,6,145,15,6
"277","2020-03-24",19,4,34,109,1576,0.941624365482233,8325,16077,90,111,26,275,25,170,20,25
"278","2020-03-25",20,4,32,116,1576,0.941624365482233,8325,16077,90,111,16,291,7,177,13,7
"279","2020-03-26",25,4,27,130,1576,0.941624365482233,8325,16077,90,111,32,323,12,189,26,12
"280","2020-03-27",29,4,24,136,1576,0.941624365482233,8325,16077,90,111,22,345,14,203,19,14
"281","2020-03-28",30,4,28,154,1576,0.941624365482233,8325,16077,90,111,17,362,9,212,14,9
"282","2020-03-29",35,4,37,152,1576,0.941624365482233,8325,16077,90,111,21,383,2,214,17,2
"283","2020-03-30",34,4,40,160,1576,0.941624365482233,8325,16077,90,111,23,406,2,216,20,2
"284","2020-03-31",32,4,31,163,1576,0.941624365482233,8325,16077,90,111,15,421,4,220,13,4
"285","2020-04-01",33,4,28,181,1576,0.941624365482233,8325,16077,90,111,24,445,10,230,19,10
"286","2020-04-02",34,4,23,186,1576,0.941624365482233,8325,16077,90,111,17,462,9,239,14,9
"287","2020-04-03",46,4,23,192,1576,0.941624365482233,8325,16077,90,111,10,472,6,245,7,6
"288","2020-04-04",48,4,18,195,1576,0.941624365482233,8325,16077,90,111,21,493,14,259,18,14
"289","2020-04-05",51,4,19,208,1576,0.941624365482233,8325,16077,90,111,18,511,10,269,17,10
"290","2020-04-06",51,4,12,217,1576,0.941624365482233,8325,16077,90,111,14,525,15,284,11,15
"291","2020-04-07",53,4,11,231,1576,0.941624365482233,8325,16077,90,111,24,549,10,294,22,10
"292","2020-04-08",58,4,7,233,1576,0.941624365482233,8325,16077,90,111,29,578,7,301,26,7
"293","2020-04-09",62,4,6,237,1576,0.941624365482233,8325,16077,90,111,19,597,4,305,18,4
"294","2020-04-10",67,4,7,234,1576,0.941624365482233,8325,16077,90,111,15,612,3,308,14,3
"295","2020-04-11",75,4,8,240,1576,0.941624365482233,8325,16077,90,111,10,622,2,310,8,2
"296","2020-04-12",86,4,9,240,1576,0.941624365482233,8325,16077,90,111,26,648,5,315,22,5
"297","2020-04-13",90,4,9,236,1576,0.941624365482233,8325,16077,90,111,11,659,7,322,9,7
"298","2020-04-14",87,4,9,238,1576,0.941624365482233,8325,16077,90,111,17,676,6,328,13,6
"299","2020-04-15",85,4,11,234,1576,0.941624365482233,8325,16077,90,111,13,689,6,334,11,6
"300","2020-04-16",79,4,14,234,1576,0.941624365482233,8325,16077,90,111,13,702,8,342,11,8
"301","2020-04-17",86,4,11,247,1576,0.941624365482233,8325,16077,90,111,11,713,6,348,10,6
"302","2020-04-18",87,4,15,236,1576,0.941624365482233,8325,16077,90,111,13,726,5,353,9,5
"303","2020-04-19",80,4,12,236,1576,0.941624365482233,8325,16077,90,111,13,739,3,356,12,3
"304","2020-04-20",73,4,7,239,1576,0.941624365482233,8325,16077,90,111,18,757,2,358,9,2
"305","2020-04-21",68,4,9,238,1576,0.941624365482233,8325,16077,90,111,9,766,NA,NA,7,NA
"306","2020-04-22",69,4,12,243,1576,0.941624365482233,8325,16077,90,111,11,777,2,360,8,2
"307","2020-04-23",70,4,9,240,1576,0.941624365482233,8325,16077,90,111,7,784,1,361,5,1
"308","2020-04-24",72,4,5,247,1576,0.941624365482233,8325,16077,90,111,8,792,NA,NA,6,NA
"309","2020-04-25",66,4,8,240,1576,0.941624365482233,8325,16077,90,111,8,800,NA,NA,7,NA
"310","2020-04-26",58,4,6,235,1576,0.941624365482233,8325,16077,90,111,7,807,NA,NA,7,NA
"311","2020-04-27",59,4,8,236,1576,0.941624365482233,8325,16077,90,111,8,815,1,362,5,1
"312","2020-04-28",67,4,13,226,1576,0.941624365482233,8325,16077,90,111,5,820,NA,NA,1,NA
"313","2020-04-29",68,4,12,233,1576,0.941624365482233,8325,16077,90,111,7,827,NA,NA,5,NA
"314","2020-04-30",66,4,12,227,1576,0.941624365482233,8325,16077,90,111,4,831,1,363,3,1
"315","2020-05-01",70,4,8,235,1576,0.941624365482233,8325,16077,90,111,6,837,4,367,4,4
"316","2020-05-02",83,4,8,231,1576,0.941624365482233,8325,16077,90,111,5,842,6,373,3,6
"317","2020-05-03",87,4,9,223,1576,0.941624365482233,8325,16077,90,111,5,847,4,377,5,4
"318","2020-05-04",81,4,10,227,1576,0.941624365482233,8325,16077,90,111,10,857,6,383,10,6
"319","2020-05-05",73,4,8,232,1576,0.941624365482233,8325,16077,90,111,6,863,11,394,3,11
"320","2020-05-06",68,4,6,223,1576,0.941624365482233,8325,16077,90,111,4,867,4,398,3,4
"321","2020-05-07",82,4,3,221,1576,0.941624365482233,8325,16077,90,111,5,872,6,404,5,6
"322","2020-05-08",89,4,1,217,1576,0.941624365482233,8325,16077,90,111,9,881,4,408,7,4
"323","2020-05-09",86,4,2,210,1576,0.941624365482233,8325,16077,90,111,9,890,2,410,8,2
"324","2020-05-10",81,4,1,209,1576,0.941624365482233,8325,16077,90,111,5,895,3,413,3,3
"325","2020-05-11",79,4,1,209,1576,0.941624365482233,8325,16077,90,111,13,908,6,419,9,6
"326","2020-05-12",76,4,1,208,1576,0.941624365482233,8325,16077,90,111,6,914,2,421,5,2
"327","2020-05-13",84,4,2,210,1576,0.941624365482233,8325,16077,90,111,7,921,1,422,7,1
"328","2020-05-14",77,4,2,195,1576,0.941624365482233,8325,16077,90,111,7,928,NA,NA,3,NA
"329","2020-05-15",73,4,3,208,1576,0.941624365482233,8325,16077,90,111,5,933,1,423,3,1
"330","2020-05-16",67,4,3,207,1576,0.941624365482233,8325,16077,90,111,6,939,1,424,5,1
"331","2020-05-17",65,4,2,195,1576,0.941624365482233,8325,16077,90,111,11,950,2,426,9,2
"332","2020-05-18",64,4,3,191,1576,0.941624365482233,8325,16077,90,111,3,953,NA,NA,3,NA
"333","2020-05-19",66,4,3,181,1576,0.941624365482233,8325,16077,90,111,6,959,5,431,5,5
"334","2020-05-20",59,4,4,182,1576,0.941624365482233,8325,16077,90,111,7,966,NA,NA,5,NA
"335","2020-05-21",51,4,6,180,1576,0.941624365482233,8325,16077,90,111,9,975,4,435,8,4
"336","2020-05-22",55,4,6,174,1576,0.941624365482233,8325,16077,90,111,10,985,1,436,7,1
"337","2020-05-23",59,4,4,158,1576,0.941624365482233,8325,16077,90,111,6,991,3,439,4,3
"338","2020-05-24",57,4,3,152,1576,0.941624365482233,8325,16077,90,111,7,998,3,442,7,3
"339","2020-05-25",57,4,3,162,1576,0.941624365482233,8325,16077,90,111,7,1005,3,445,7,3
"340","2020-05-26",49,4,3,161,1576,0.941624365482233,8325,16077,90,111,5,1010,NA,NA,3,NA
"341","2020-05-27",49,4,2,156,1576,0.941624365482233,8325,16077,90,111,8,1018,2,447,5,2
"342","2020-05-28",50,4,3,164,1576,0.941624365482233,8325,16077,90,111,3,1021,1,448,3,1
"343","2020-05-29",45,4,4,168,1576,0.941624365482233,8325,16077,90,111,7,1028,NA,NA,4,NA
"344","2020-05-30",46,4,3,169,1576,0.941624365482233,8325,16077,90,111,3,1031,NA,NA,2,NA
"345","2020-05-31",45,4,6,172,1576,0.941624365482233,8325,16077,90,111,6,1037,NA,NA,6,NA
"346","2020-06-01",49,4,5,176,1576,0.941624365482233,8325,16077,90,111,6,1043,NA,NA,5,NA
"347","2020-06-02",54,4,3,175,1576,0.941624365482233,8325,16077,90,111,3,1046,NA,NA,1,NA
"348","2020-06-03",58,4,2,164,1576,0.941624365482233,8325,16077,90,111,3,1049,NA,NA,1,NA
"349","2020-06-04",60,4,2,161,1576,0.941624365482233,8325,16077,90,111,1,1050,1,449,1,1
"350","2020-06-05",60,4,0,163,1576,0.941624365482233,8325,16077,90,111,5,1055,NA,NA,2,NA
"351","2020-06-06",61,4,0,173,1576,0.941624365482233,8325,16077,90,111,NA,NA,3,452,NA,3
"352","2020-06-07",58,4,0,167,1576,0.941624365482233,8325,16077,90,111,2,1057,NA,NA,NA,NA
"353","2020-03-14",2,5,12,20,2018,0.930624380574827,8265,18666,128,92,2,14,8,26,2,8
"354","2020-03-15",2,5,20,25,2018,0.930624380574827,8265,18666,128,92,4,18,7,33,4,7
"355","2020-03-16",4,5,17,34,2018,0.930624380574827,8265,18666,128,92,9,27,15,48,6,15
"356","2020-03-17",6,5,21,44,2018,0.930624380574827,8265,18666,128,92,7,34,11,59,6,11
"357","2020-03-18",7,5,23,44,2018,0.930624380574827,8265,18666,128,92,8,42,7,66,7,7
"358","2020-03-19",8,5,18,52,2018,0.930624380574827,8265,18666,128,92,3,45,15,81,3,15
"359","2020-03-20",11,5,15,57,2018,0.930624380574827,8265,18666,128,92,6,51,16,97,3,16
"360","2020-03-21",15,5,13,66,2018,0.930624380574827,8265,18666,128,92,7,58,11,108,6,11
"361","2020-03-22",17,5,11,66,2018,0.930624380574827,8265,18666,128,92,12,70,16,124,11,16
"362","2020-03-23",16,5,14,67,2018,0.930624380574827,8265,18666,128,92,8,78,13,137,6,13
"363","2020-03-24",17,5,17,73,2018,0.930624380574827,8265,18666,128,92,17,95,4,141,13,4
"364","2020-03-25",17,5,18,77,2018,0.930624380574827,8265,18666,128,92,17,112,12,153,17,12
"365","2020-03-26",17,5,24,92,2018,0.930624380574827,8265,18666,128,92,23,135,13,166,21,13
"366","2020-03-27",22,5,24,102,2018,0.930624380574827,8265,18666,128,92,27,162,13,179,25,13
"367","2020-03-28",24,5,21,106,2018,0.930624380574827,8265,18666,128,92,22,184,16,195,19,16
"368","2020-03-29",25,5,18,114,2018,0.930624380574827,8265,18666,128,92,33,217,8,203,32,8
"369","2020-03-30",26,5,21,123,2018,0.930624380574827,8265,18666,128,92,33,250,14,217,31,14
"370","2020-03-31",29,5,25,136,2018,0.930624380574827,8265,18666,128,92,31,281,9,226,30,9
"371","2020-04-01",31,5,24,149,2018,0.930624380574827,8265,18666,128,92,28,309,9,235,25,9
"372","2020-04-02",35,5,22,173,2018,0.930624380574827,8265,18666,128,92,53,362,12,247,52,12
"373","2020-04-03",44,5,21,182,2018,0.930624380574827,8265,18666,128,92,37,399,10,257,35,10
"374","2020-04-04",48,5,16,195,2018,0.930624380574827,8265,18666,128,92,45,444,5,262,44,5
"375","2020-04-05",58,5,17,209,2018,0.930624380574827,8265,18666,128,92,43,487,7,269,41,7
"376","2020-04-06",61,5,10,210,2018,0.930624380574827,8265,18666,128,92,65,552,8,277,64,8
"377","2020-04-07",55,5,9,214,2018,0.930624380574827,8265,18666,128,92,34,586,4,281,34,4
"378","2020-04-08",55,5,9,227,2018,0.930624380574827,8265,18666,128,92,56,642,10,291,54,10
"379","2020-04-09",59,5,15,236,2018,0.930624380574827,8265,18666,128,92,58,700,4,295,58,4
"380","2020-04-10",68,5,18,234,2018,0.930624380574827,8265,18666,128,92,49,749,3,298,47,3
"381","2020-04-11",81,5,22,239,2018,0.930624380574827,8265,18666,128,92,76,825,4,302,76,4
"382","2020-04-12",72,5,22,248,2018,0.930624380574827,8265,18666,128,92,87,912,2,304,87,2
"383","2020-04-13",62,5,23,251,2018,0.930624380574827,8265,18666,128,92,80,992,3,307,79,3
"384","2020-04-14",64,5,27,255,2018,0.930624380574827,8265,18666,128,92,81,1073,4,311,80,4
"385","2020-04-15",74,5,25,254,2018,0.930624380574827,8265,18666,128,92,64,1137,8,319,64,8
"386","2020-04-16",74,5,29,262,2018,0.930624380574827,8265,18666,128,92,86,1223,9,328,86,9
"387","2020-04-17",77,5,31,263,2018,0.930624380574827,8265,18666,128,92,87,1310,9,337,87,9
"388","2020-04-18",77,5,34,265,2018,0.930624380574827,8265,18666,128,92,75,1385,11,348,75,11
"389","2020-04-19",82,5,37,267,2018,0.930624380574827,8265,18666,128,92,94,1479,5,353,94,5
"390","2020-04-20",86,5,36,272,2018,0.930624380574827,8265,18666,128,92,105,1584,16,369,105,16
"391","2020-04-21",87,5,34,262,2018,0.930624380574827,8265,18666,128,92,83,1667,18,387,83,18
"392","2020-04-22",80,5,34,256,2018,0.930624380574827,8265,18666,128,92,108,1775,9,396,108,9
"393","2020-04-23",84,5,30,273,2018,0.930624380574827,8265,18666,128,92,99,1874,14,410,97,14
"394","2020-04-24",85,5,25,261,2018,0.930624380574827,8265,18666,128,92,138,2012,16,426,137,16
"395","2020-04-25",85,5,22,260,2018,0.930624380574827,8265,18666,128,92,90,2102,12,438,90,12
"396","2020-04-26",83,5,17,262,2018,0.930624380574827,8265,18666,128,92,142,2244,12,450,141,12
"397","2020-04-27",84,5,17,261,2018,0.930624380574827,8265,18666,128,92,101,2345,11,461,101,11
"398","2020-04-28",80,5,16,254,2018,0.930624380574827,8265,18666,128,92,129,2474,17,478,129,17
"399","2020-04-29",87,5,11,260,2018,0.930624380574827,8265,18666,128,92,93,2567,15,493,92,15
"400","2020-04-30",87,5,10,270,2018,0.930624380574827,8265,18666,128,92,122,2689,14,507,122,14
"401","2020-05-01",90,5,7,263,2018,0.930624380574827,8265,18666,128,92,114,2803,15,522,114,15
"402","2020-05-02",87,5,7,267,2018,0.930624380574827,8265,18666,128,92,114,2917,17,539,114,17
"403","2020-05-03",82,5,6,269,2018,0.930624380574827,8265,18666,128,92,116,3033,12,551,115,12
"404","2020-05-04",82,5,7,289,2018,0.930624380574827,8265,18666,128,92,105,3138,17,568,104,17
"405","2020-05-05",85,5,5,296,2018,0.930624380574827,8265,18666,128,92,102,3240,9,577,101,9
"406","2020-05-06",82,5,4,300,2018,0.930624380574827,8265,18666,128,92,92,3332,14,591,92,14
"407","2020-05-07",75,5,8,300,2018,0.930624380574827,8265,18666,128,92,86,3418,12,603,86,12
"408","2020-05-08",86,5,8,292,2018,0.930624380574827,8265,18666,128,92,112,3530,22,625,111,22
"409","2020-05-09",96,5,6,293,2018,0.930624380574827,8265,18666,128,92,100,3630,7,632,100,7
"410","2020-05-10",91,5,7,300,2018,0.930624380574827,8265,18666,128,92,102,3732,13,645,102,13
"411","2020-05-11",87,5,5,308,2018,0.930624380574827,8265,18666,128,92,89,3821,14,659,89,14
"412","2020-05-12",81,5,8,310,2018,0.930624380574827,8265,18666,128,92,71,3892,12,671,71,12
"413","2020-05-13",84,5,10,300,2018,0.930624380574827,8265,18666,128,92,77,3969,16,687,77,16
"414","2020-05-14",92,5,14,298,2018,0.930624380574827,8265,18666,128,92,62,4031,8,695,62,8
"415","2020-05-15",97,5,15,305,2018,0.930624380574827,8265,18666,128,92,55,4086,15,710,55,15
"416","2020-05-16",93,5,21,315,2018,0.930624380574827,8265,18666,128,92,65,4151,15,725,65,15
"417","2020-05-17",99,5,20,306,2018,0.930624380574827,8265,18666,128,92,62,4213,9,734,62,9
"418","2020-05-18",97,5,18,306,2018,0.930624380574827,8265,18666,128,92,45,4258,11,745,45,11
"419","2020-05-19",99,5,18,307,2018,0.930624380574827,8265,18666,128,92,54,4312,10,755,54,10
"420","2020-05-20",97,5,21,311,2018,0.930624380574827,8265,18666,128,92,31,4343,7,762,31,7
"421","2020-05-21",101,5,24,317,2018,0.930624380574827,8265,18666,128,92,35,4378,11,773,33,11
"422","2020-05-22",108,5,23,336,2018,0.930624380574827,8265,18666,128,92,42,4420,10,783,42,10
"423","2020-05-23",112,5,22,337,2018,0.930624380574827,8265,18666,128,92,30,4450,5,788,30,5
"424","2020-05-24",116,5,20,338,2018,0.930624380574827,8265,18666,128,92,24,4474,10,798,24,10
"425","2020-05-25",115,5,18,343,2018,0.930624380574827,8265,18666,128,92,30,4504,5,803,30,5
"426","2020-05-26",110,5,18,334,2018,0.930624380574827,8265,18666,128,92,35,4539,13,816,35,13
"427","2020-05-27",111,5,17,342,2018,0.930624380574827,8265,18666,128,92,19,4558,4,820,19,4
"428","2020-05-28",107,5,26,349,2018,0.930624380574827,8265,18666,128,92,27,4585,6,826,27,6
"429","2020-05-29",116,5,27,348,2018,0.930624380574827,8265,18666,128,92,28,4613,4,830,27,4
"430","2020-05-30",117,5,25,345,2018,0.930624380574827,8265,18666,128,92,22,4635,1,831,21,1
"431","2020-05-31",111,5,29,332,2018,0.930624380574827,8265,18666,128,92,35,4670,5,836,34,5
"432","2020-06-01",115,5,26,325,2018,0.930624380574827,8265,18666,128,92,17,4687,6,842,17,6
"433","2020-06-02",110,5,20,326,2018,0.930624380574827,8265,18666,128,92,21,4708,6,848,21,6
"434","2020-06-03",110,5,17,315,2018,0.930624380574827,8265,18666,128,92,18,4726,5,853,18,5
"435","2020-06-04",108,5,17,313,2018,0.930624380574827,8265,18666,128,92,17,4743,4,857,16,4
"436","2020-06-05",110,5,18,305,2018,0.930624380574827,8265,18666,128,92,7,4750,3,860,7,3
"437","2020-06-06",105,5,18,293,2018,0.930624380574827,8265,18666,128,92,11,4761,5,865,11,5
"438","2020-06-07",100,5,17,288,2018,0.930624380574827,8265,18666,128,92,14,4775,3,868,13,3
"439","2020-03-08",1,6,0,0,1459,0.921864290610007,8340,14942,91,103,NA,NA,NA,NA,NA,NA
"440","2020-03-09",1,6,0,0,1459,0.921864290610007,8340,14942,91,103,NA,NA,NA,NA,NA,NA
"441","2020-03-10",0,6,0,0,1459,0.921864290610007,8340,14942,91,103,NA,NA,1,1,NA,1
"442","2020-03-11",0,6,0,0,1459,0.921864290610007,8340,14942,91,103,6,6,3,4,NA,3
"443","2020-03-12",0,6,0,0,1459,0.921864290610007,8340,14942,91,103,1,7,6,10,NA,6
"444","2020-03-13",2,6,29,18,1459,0.921864290610007,8340,14942,91,103,4,11,9,19,NA,9
"445","2020-03-14",2,6,42,26,1459,0.921864290610007,8340,14942,91,103,6,17,17,36,3,17
"446","2020-03-15",4,6,53,33,1459,0.921864290610007,8340,14942,91,103,8,25,15,51,4,15
"447","2020-03-16",6,6,61,39,1459,0.921864290610007,8340,14942,91,103,6,31,14,65,1,14
"448","2020-03-17",8,6,68,49,1459,0.921864290610007,8340,14942,91,103,11,42,7,72,5,7
"449","2020-03-18",11,6,59,56,1459,0.921864290610007,8340,14942,91,103,14,56,4,76,8,4
"450","2020-03-19",12,6,70,71,1459,0.921864290610007,8340,14942,91,103,11,67,5,81,5,5
"451","2020-03-20",14,6,79,83,1459,0.921864290610007,8340,14942,91,103,4,71,5,86,4,5
"452","2020-03-21",26,6,79,95,1459,0.921864290610007,8340,14942,91,103,6,77,6,92,5,6
"453","2020-03-22",30,6,80,110,1459,0.921864290610007,8340,14942,91,103,15,92,1,93,13,1
"454","2020-03-23",29,6,71,120,1459,0.921864290610007,8340,14942,91,103,18,110,4,97,14,4
"455","2020-03-24",31,6,68,135,1459,0.921864290610007,8340,14942,91,103,12,122,5,102,10,5
"456","2020-03-25",32,6,59,155,1459,0.921864290610007,8340,14942,91,103,19,141,3,105,16,3
"457","2020-03-26",39,6,46,163,1459,0.921864290610007,8340,14942,91,103,21,162,1,106,18,1
"458","2020-03-27",48,6,36,171,1459,0.921864290610007,8340,14942,91,103,22,184,2,108,17,2
"459","2020-03-28",65,6,37,180,1459,0.921864290610007,8340,14942,91,103,17,201,2,110,15,2
"460","2020-03-29",61,6,37,185,1459,0.921864290610007,8340,14942,91,103,21,222,7,117,16,7
"461","2020-03-30",55,6,29,199,1459,0.921864290610007,8340,14942,91,103,23,245,1,118,22,1
"462","2020-03-31",58,6,31,213,1459,0.921864290610007,8340,14942,91,103,16,261,2,120,12,2
"463","2020-04-01",64,6,37,219,1459,0.921864290610007,8340,14942,91,103,21,282,10,130,20,10
"464","2020-04-02",66,6,42,225,1459,0.921864290610007,8340,14942,91,103,19,301,2,132,19,2
"465","2020-04-03",80,6,34,230,1459,0.921864290610007,8340,14942,91,103,20,321,NA,NA,19,NA
"466","2020-04-04",72,6,27,245,1459,0.921864290610007,8340,14942,91,103,27,348,2,134,25,2
"467","2020-04-05",80,6,20,250,1459,0.921864290610007,8340,14942,91,103,23,371,NA,NA,21,NA
"468","2020-04-06",84,6,14,246,1459,0.921864290610007,8340,14942,91,103,26,397,2,136,22,2
"469","2020-04-07",84,6,17,249,1459,0.921864290610007,8340,14942,91,103,28,425,6,142,27,6
"470","2020-04-08",84,6,16,249,1459,0.921864290610007,8340,14942,91,103,26,451,2,144,23,2
"471","2020-04-09",93,6,18,255,1459,0.921864290610007,8340,14942,91,103,33,484,7,151,32,7
"472","2020-04-10",97,6,23,251,1459,0.921864290610007,8340,14942,91,103,33,517,4,155,32,4
"473","2020-04-11",103,6,23,258,1459,0.921864290610007,8340,14942,91,103,24,541,9,164,23,9
"474","2020-04-12",102,6,33,260,1459,0.921864290610007,8340,14942,91,103,35,576,3,167,34,3
"475","2020-04-13",100,6,24,263,1459,0.921864290610007,8340,14942,91,103,24,600,14,181,23,14
"476","2020-04-14",93,6,28,263,1459,0.921864290610007,8340,14942,91,103,23,623,9,190,19,9
"477","2020-04-15",89,6,32,265,1459,0.921864290610007,8340,14942,91,103,29,652,7,197,26,7
"478","2020-04-16",80,6,31,258,1459,0.921864290610007,8340,14942,91,103,33,685,10,207,30,10
"479","2020-04-17",88,6,29,260,1459,0.921864290610007,8340,14942,91,103,25,710,5,212,25,5
"480","2020-04-18",84,6,25,256,1459,0.921864290610007,8340,14942,91,103,22,732,6,218,22,6
"481","2020-04-19",75,6,29,253,1459,0.921864290610007,8340,14942,91,103,30,762,5,223,28,5
"482","2020-04-20",81,6,22,245,1459,0.921864290610007,8340,14942,91,103,25,787,2,225,25,2
"483","2020-04-21",85,6,29,236,1459,0.921864290610007,8340,14942,91,103,32,819,4,229,32,4
"484","2020-04-22",90,6,32,241,1459,0.921864290610007,8340,14942,91,103,26,845,2,231,25,2
"485","2020-04-23",91,6,29,233,1459,0.921864290610007,8340,14942,91,103,21,866,6,237,21,6
"486","2020-04-24",85,6,25,226,1459,0.921864290610007,8340,14942,91,103,29,895,1,238,29,1
"487","2020-04-25",85,6,19,230,1459,0.921864290610007,8340,14942,91,103,29,924,2,240,28,2
"488","2020-04-26",85,6,15,232,1459,0.921864290610007,8340,14942,91,103,28,952,3,243,28,3
"489","2020-04-27",80,6,13,225,1459,0.921864290610007,8340,14942,91,103,29,981,3,246,29,3
"490","2020-04-28",78,6,6,225,1459,0.921864290610007,8340,14942,91,103,18,999,1,247,18,1
"491","2020-04-29",76,6,6,216,1459,0.921864290610007,8340,14942,91,103,24,1023,5,252,24,5
"492","2020-04-30",76,6,9,212,1459,0.921864290610007,8340,14942,91,103,29,1052,5,257,28,5
"493","2020-05-01",78,6,10,192,1459,0.921864290610007,8340,14942,91,103,30,1082,4,261,30,4
"494","2020-05-02",85,6,13,193,1459,0.921864290610007,8340,14942,91,103,25,1107,2,263,24,2
"495","2020-05-03",73,6,16,179,1459,0.921864290610007,8340,14942,91,103,24,1131,4,267,23,4
"496","2020-05-04",69,6,16,177,1459,0.921864290610007,8340,14942,91,103,24,1155,4,271,23,4
"497","2020-05-05",64,6,15,172,1459,0.921864290610007,8340,14942,91,103,27,1182,4,275,27,4
"498","2020-05-06",58,6,15,170,1459,0.921864290610007,8340,14942,91,103,36,1218,1,276,34,1
"499","2020-05-07",53,6,18,176,1459,0.921864290610007,8340,14942,91,103,33,1251,4,280,30,4
"500","2020-05-08",58,6,17,174,1459,0.921864290610007,8340,14942,91,103,23,1274,6,286,23,6
"501","2020-05-09",47,6,11,172,1459,0.921864290610007,8340,14942,91,103,28,1302,4,290,28,4
"502","2020-05-10",56,6,13,172,1459,0.921864290610007,8340,14942,91,103,30,1332,3,293,30,3
"503","2020-05-11",55,6,14,186,1459,0.921864290610007,8340,14942,91,103,32,1364,3,296,32,3
"504","2020-05-12",50,6,13,192,1459,0.921864290610007,8340,14942,91,103,31,1395,NA,NA,30,NA
"505","2020-05-13",57,6,12,193,1459,0.921864290610007,8340,14942,91,103,35,1430,5,301,34,5
"506","2020-05-14",58,6,7,193,1459,0.921864290610007,8340,14942,91,103,30,1460,6,307,29,6
"507","2020-05-15",62,6,5,196,1459,0.921864290610007,8340,14942,91,103,24,1484,4,311,24,4
"508","2020-05-16",69,6,4,199,1459,0.921864290610007,8340,14942,91,103,29,1513,6,317,28,6
"509","2020-05-17",62,6,2,193,1459,0.921864290610007,8340,14942,91,103,29,1542,3,320,29,3
"510","2020-05-18",68,6,2,189,1459,0.921864290610007,8340,14942,91,103,28,1570,7,327,27,7
"511","2020-05-19",72,6,2,185,1459,0.921864290610007,8340,14942,91,103,37,1607,6,333,35,6
"512","2020-05-20",70,6,4,171,1459,0.921864290610007,8340,14942,91,103,24,1631,3,336,23,3
"513","2020-05-21",72,6,7,163,1459,0.921864290610007,8340,14942,91,103,31,1662,5,341,30,5
"514","2020-05-22",76,6,6,161,1459,0.921864290610007,8340,14942,91,103,26,1688,7,348,25,7
"515","2020-05-23",73,6,4,167,1459,0.921864290610007,8340,14942,91,103,24,1712,17,365,24,17
"516","2020-05-24",67,6,5,159,1459,0.921864290610007,8340,14942,91,103,25,1737,7,372,24,7
"517","2020-05-25",56,6,6,151,1459,0.921864290610007,8340,14942,91,103,20,1757,5,377,20,5
"518","2020-05-26",58,6,6,147,1459,0.921864290610007,8340,14942,91,103,19,1776,7,384,19,7
"519","2020-05-27",57,6,6,138,1459,0.921864290610007,8340,14942,91,103,18,1794,4,388,16,4
"520","2020-05-28",53,6,5,137,1459,0.921864290610007,8340,14942,91,103,24,1818,6,394,23,6
"521","2020-05-29",50,6,6,133,1459,0.921864290610007,8340,14942,91,103,12,1830,8,402,12,8
"522","2020-05-30",49,6,7,130,1459,0.921864290610007,8340,14942,91,103,8,1838,1,403,8,1
"523","2020-05-31",44,6,6,127,1459,0.921864290610007,8340,14942,91,103,26,1864,NA,NA,25,NA
"524","2020-06-01",43,6,3,107,1459,0.921864290610007,8340,14942,91,103,20,1884,1,404,20,1
"525","2020-06-02",36,6,3,97,1459,0.921864290610007,8340,14942,91,103,12,1896,3,407,12,3
"526","2020-06-03",35,6,3,93,1459,0.921864290610007,8340,14942,91,103,13,1909,2,409,11,2
"527","2020-06-04",34,6,3,95,1459,0.921864290610007,8340,14942,91,103,18,1927,6,415,18,6
"528","2020-06-05",34,6,2,91,1459,0.921864290610007,8340,14942,91,103,16,1943,NA,NA,15,NA
"529","2020-06-06",36,6,2,82,1459,0.921864290610007,8340,14942,91,103,9,1952,3,418,9,3
"530","2020-06-07",38,6,3,91,1459,0.921864290610007,8340,14942,91,103,15,1967,2,420,15,2
"531","2020-03-14",2,7,11,31,810,0.666666666666667,8340,11104,57,58,1,12,7,25,NA,7
"532","2020-03-15",6,7,15,41,810,0.666666666666667,8340,11104,57,58,11,23,13,38,7,13
"533","2020-03-16",6,7,19,51,810,0.666666666666667,8340,11104,57,58,2,25,22,60,1,22
"534","2020-03-17",8,7,21,55,810,0.666666666666667,8340,11104,57,58,8,33,10,70,4,10
"535","2020-03-18",11,7,21,64,810,0.666666666666667,8340,11104,57,58,3,36,4,74,2,4
"536","2020-03-19",16,7,22,73,810,0.666666666666667,8340,11104,57,58,10,46,17,91,7,17
"537","2020-03-20",20,7,22,76,810,0.666666666666667,8340,11104,57,58,16,62,17,108,14,17
"538","2020-03-21",22,7,19,86,810,0.666666666666667,8340,11104,57,58,8,70,16,124,3,16
"539","2020-03-22",28,7,21,90,810,0.666666666666667,8340,11104,57,58,24,94,15,139,20,15
"540","2020-03-23",30,7,20,97,810,0.666666666666667,8340,11104,57,58,20,114,21,160,16,21
"541","2020-03-24",25,7,21,94,810,0.666666666666667,8340,11104,57,58,9,123,18,178,7,18
"542","2020-03-25",25,7,19,99,810,0.666666666666667,8340,11104,57,58,20,143,11,189,19,11
"543","2020-03-26",25,7,20,107,810,0.666666666666667,8340,11104,57,58,20,163,7,196,18,7
"544","2020-03-27",32,7,20,112,810,0.666666666666667,8340,11104,57,58,23,186,16,212,22,16
"545","2020-03-28",42,7,20,119,810,0.666666666666667,8340,11104,57,58,33,219,14,226,32,14
"546","2020-03-29",37,7,16,121,810,0.666666666666667,8340,11104,57,58,28,247,11,237,25,11
"547","2020-03-30",40,7,16,134,810,0.666666666666667,8340,11104,57,58,20,267,6,243,18,6
"548","2020-03-31",41,7,18,140,810,0.666666666666667,8340,11104,57,58,38,305,16,259,36,16
"549","2020-04-01",43,7,14,144,810,0.666666666666667,8340,11104,57,58,41,346,13,272,41,13
"550","2020-04-02",43,7,20,138,810,0.666666666666667,8340,11104,57,58,48,394,10,282,46,10
"551","2020-04-03",47,7,21,140,810,0.666666666666667,8340,11104,57,58,34,428,17,299,33,17
"552","2020-04-04",45,7,23,138,810,0.666666666666667,8340,11104,57,58,41,469,14,313,39,14
"553","2020-04-05",51,7,25,140,810,0.666666666666667,8340,11104,57,58,60,529,10,323,58,10
"554","2020-04-06",49,7,23,139,810,0.666666666666667,8340,11104,57,58,65,594,9,332,65,9
"555","2020-04-07",48,7,20,141,810,0.666666666666667,8340,11104,57,58,50,644,10,342,50,10
"556","2020-04-08",51,7,18,137,810,0.666666666666667,8340,11104,57,58,66,710,10,352,64,10
"557","2020-04-09",50,7,16,128,810,0.666666666666667,8340,11104,57,58,72,782,5,357,72,5
"558","2020-04-10",51,7,10,135,810,0.666666666666667,8340,11104,57,58,54,836,2,359,54,2
"559","2020-04-11",50,7,10,125,810,0.666666666666667,8340,11104,57,58,66,902,2,361,66,2
"560","2020-04-12",37,7,9,124,810,0.666666666666667,8340,11104,57,58,76,978,5,366,76,5
"561","2020-04-13",36,7,7,136,810,0.666666666666667,8340,11104,57,58,68,1046,5,371,67,5
"562","2020-04-14",33,7,8,124,810,0.666666666666667,8340,11104,57,58,78,1124,5,376,77,5
"563","2020-04-15",31,7,8,120,810,0.666666666666667,8340,11104,57,58,72,1196,15,391,69,15
"564","2020-04-16",31,7,6,120,810,0.666666666666667,8340,11104,57,58,90,1286,6,397,90,6
"565","2020-04-17",34,7,8,114,810,0.666666666666667,8340,11104,57,58,89,1375,11,408,87,11
"566","2020-04-18",35,7,10,114,810,0.666666666666667,8340,11104,57,58,93,1468,4,412,92,4
"567","2020-04-19",38,7,12,117,810,0.666666666666667,8340,11104,57,58,74,1542,4,416,74,4
"568","2020-04-20",37,7,12,119,810,0.666666666666667,8340,11104,57,58,74,1616,4,420,73,4
"569","2020-04-21",37,7,12,117,810,0.666666666666667,8340,11104,57,58,106,1722,3,423,106,3
"570","2020-04-22",34,7,10,126,810,0.666666666666667,8340,11104,57,58,93,1815,5,428,92,5
"571","2020-04-23",39,7,8,125,810,0.666666666666667,8340,11104,57,58,99,1914,4,432,98,4
"572","2020-04-24",36,7,6,124,810,0.666666666666667,8340,11104,57,58,84,1998,3,435,82,3
"573","2020-04-25",36,7,7,118,810,0.666666666666667,8340,11104,57,58,77,2075,1,436,77,1
"574","2020-04-26",41,7,7,121,810,0.666666666666667,8340,11104,57,58,83,2158,4,440,83,4
"575","2020-04-27",37,7,8,122,810,0.666666666666667,8340,11104,57,58,106,2264,NA,NA,106,NA
"576","2020-04-28",34,7,6,119,810,0.666666666666667,8340,11104,57,58,98,2362,NA,NA,96,NA
"577","2020-04-29",41,7,6,122,810,0.666666666666667,8340,11104,57,58,95,2457,NA,NA,94,NA
"578","2020-04-30",35,7,6,118,810,0.666666666666667,8340,11104,57,58,111,2568,NA,NA,108,NA
"579","2020-05-01",38,7,5,115,810,0.666666666666667,8340,11104,57,58,66,2634,3,443,66,3
"580","2020-05-02",41,7,6,114,810,0.666666666666667,8340,11104,57,58,91,2725,2,445,91,2
"581","2020-05-03",42,7,5,112,810,0.666666666666667,8340,11104,57,58,84,2809,NA,NA,84,NA
"582","2020-05-04",39,7,7,108,810,0.666666666666667,8340,11104,57,58,98,2907,3,448,97,3
"583","2020-05-05",37,7,9,99,810,0.666666666666667,8340,11104,57,58,70,2977,2,450,70,2
"584","2020-05-06",28,7,9,98,810,0.666666666666667,8340,11104,57,58,87,3064,2,452,87,2
"585","2020-05-07",27,7,8,93,810,0.666666666666667,8340,11104,57,58,64,3128,4,456,64,4
"586","2020-05-08",33,7,7,87,810,0.666666666666667,8340,11104,57,58,85,3213,3,459,85,3
"587","2020-05-09",37,7,7,88,810,0.666666666666667,8340,11104,57,58,63,3276,NA,NA,63,NA
"588","2020-05-10",29,7,6,79,810,0.666666666666667,8340,11104,57,58,64,3340,NA,NA,63,NA
"589","2020-05-11",32,7,5,80,810,0.666666666666667,8340,11104,57,58,64,3404,1,460,63,1
"590","2020-05-12",33,7,5,78,810,0.666666666666667,8340,11104,57,58,60,3464,NA,NA,60,NA
"591","2020-05-13",34,7,5,82,810,0.666666666666667,8340,11104,57,58,69,3533,1,461,69,1
"592","2020-05-14",36,7,4,82,810,0.666666666666667,8340,11104,57,58,43,3576,NA,NA,43,NA
"593","2020-05-15",33,7,4,87,810,0.666666666666667,8340,11104,57,58,52,3628,1,462,52,1
"594","2020-05-16",30,7,6,81,810,0.666666666666667,8340,11104,57,58,43,3671,3,465,42,3
"595","2020-05-17",28,7,7,87,810,0.666666666666667,8340,11104,57,58,42,3713,2,467,42,2
"596","2020-05-18",22,7,6,86,810,0.666666666666667,8340,11104,57,58,41,3754,2,469,41,2
"597","2020-05-19",25,7,6,79,810,0.666666666666667,8340,11104,57,58,36,3790,3,472,36,3
"598","2020-05-20",24,7,7,80,810,0.666666666666667,8340,11104,57,58,40,3830,NA,NA,40,NA
"599","2020-05-21",24,7,9,79,810,0.666666666666667,8340,11104,57,58,25,3855,NA,NA,25,NA
"600","2020-05-22",25,7,11,69,810,0.666666666666667,8340,11104,57,58,29,3884,NA,NA,29,NA
"601","2020-05-23",25,7,11,73,810,0.666666666666667,8340,11104,57,58,32,3916,1,473,32,1
"602","2020-05-24",31,7,11,72,810,0.666666666666667,8340,11104,57,58,25,3941,NA,NA,25,NA
"603","2020-05-25",34,7,11,77,810,0.666666666666667,8340,11104,57,58,28,3969,NA,NA,28,NA
"604","2020-05-26",29,7,8,73,810,0.666666666666667,8340,11104,57,58,24,3993,NA,NA,23,NA
"605","2020-05-27",30,7,7,75,810,0.666666666666667,8340,11104,57,58,19,4012,NA,NA,19,NA
"606","2020-05-28",28,7,5,69,810,0.666666666666667,8340,11104,57,58,26,4038,NA,NA,25,NA
"607","2020-05-29",34,7,5,65,810,0.666666666666667,8340,11104,57,58,19,4057,1,474,19,1
"608","2020-05-30",33,7,3,64,810,0.666666666666667,8340,11104,57,58,20,4077,NA,NA,20,NA
"609","2020-05-31",27,7,2,63,810,0.666666666666667,8340,11104,57,58,18,4095,NA,NA,18,NA
"610","2020-06-01",23,7,1,65,810,0.666666666666667,8340,11104,57,58,13,4108,NA,NA,13,NA
"611","2020-06-02",22,7,2,70,810,0.666666666666667,8340,11104,57,58,16,4124,NA,NA,16,NA
"612","2020-06-03",24,7,2,65,810,0.666666666666667,8340,11104,57,58,20,4144,NA,NA,20,NA
"613","2020-06-04",23,7,2,61,810,0.666666666666667,8340,11104,57,58,13,4157,NA,NA,13,NA
"614","2020-06-05",19,7,2,61,810,0.666666666666667,8340,11104,57,58,10,4167,NA,NA,10,NA
"615","2020-06-06",20,7,2,55,810,0.666666666666667,8340,11104,57,58,16,4183,NA,NA,16,NA
"616","2020-06-07",21,7,2,52,810,0.666666666666667,8340,11104,57,58,20,4203,NA,NA,20,NA
"617","2020-03-14",4,8,32,27,1490,0.881208053691275,8460,15726,85,238,4,22,8,21,NA,8
"618","2020-03-15",6,8,35,33,1490,0.881208053691275,8460,15726,85,238,11,33,9,30,4,9
"619","2020-03-16",7,8,36,42,1490,0.881208053691275,8460,15726,85,238,6,39,6,36,2,6
"620","2020-03-17",10,8,47,50,1490,0.881208053691275,8460,15726,85,238,8,47,5,41,3,5
"621","2020-03-18",12,8,50,56,1490,0.881208053691275,8460,15726,85,238,8,55,6,47,4,6
"622","2020-03-19",14,8,44,67,1490,0.881208053691275,8460,15726,85,238,7,62,6,53,5,6
"623","2020-03-20",15,8,51,73,1490,0.881208053691275,8460,15726,85,238,9,71,NA,NA,3,NA
"624","2020-03-21",14,8,48,79,1490,0.881208053691275,8460,15726,85,238,6,77,7,60,4,7
"625","2020-03-22",19,8,52,99,1490,0.881208053691275,8460,15726,85,238,6,83,4,64,4,4
"626","2020-03-23",17,8,53,105,1490,0.881208053691275,8460,15726,85,238,11,94,6,70,5,6
"627","2020-03-24",16,8,53,113,1490,0.881208053691275,8460,15726,85,238,12,106,5,75,10,5
"628","2020-03-25",17,8,51,127,1490,0.881208053691275,8460,15726,85,238,14,120,3,78,8,3
"629","2020-03-26",21,8,62,141,1490,0.881208053691275,8460,15726,85,238,9,129,1,79,9,1
"630","2020-03-27",32,8,60,150,1490,0.881208053691275,8460,15726,85,238,9,138,7,86,9,7
"631","2020-03-28",35,8,61,154,1490,0.881208053691275,8460,15726,85,238,12,150,6,92,10,6
"632","2020-03-29",32,8,63,155,1490,0.881208053691275,8460,15726,85,238,9,159,8,100,7,8
"633","2020-03-30",38,8,63,166,1490,0.881208053691275,8460,15726,85,238,18,177,5,105,12,5
"634","2020-03-31",43,8,63,177,1490,0.881208053691275,8460,15726,85,238,8,185,6,111,7,6
"635","2020-04-01",53,8,62,183,1490,0.881208053691275,8460,15726,85,238,14,199,5,116,8,5
"636","2020-04-02",60,8,58,186,1490,0.881208053691275,8460,15726,85,238,14,213,6,122,12,6
"637","2020-04-03",57,8,64,198,1490,0.881208053691275,8460,15726,85,238,12,225,5,127,5,5
"638","2020-04-04",60,8,76,219,1490,0.881208053691275,8460,15726,85,238,10,235,1,128,7,1
"639","2020-04-05",68,8,89,216,1490,0.881208053691275,8460,15726,85,238,13,248,5,133,10,5
"640","2020-04-06",72,8,87,233,1490,0.881208053691275,8460,15726,85,238,14,262,2,135,13,2
"641","2020-04-07",68,8,78,232,1490,0.881208053691275,8460,15726,85,238,10,272,6,141,9,6
"642","2020-04-08",62,8,83,232,1490,0.881208053691275,8460,15726,85,238,15,287,8,149,13,8
"643","2020-04-09",55,8,97,247,1490,0.881208053691275,8460,15726,85,238,13,300,12,161,11,12
"644","2020-04-10",66,8,94,253,1490,0.881208053691275,8460,15726,85,238,8,308,1,162,5,1
"645","2020-04-11",77,8,98,249,1490,0.881208053691275,8460,15726,85,238,10,318,6,168,7,6
"646","2020-04-12",77,8,93,259,1490,0.881208053691275,8460,15726,85,238,8,326,4,172,6,4
"647","2020-04-13",78,8,92,253,1490,0.881208053691275,8460,15726,85,238,10,336,6,178,8,6
"648","2020-04-14",75,8,85,249,1490,0.881208053691275,8460,15726,85,238,10,346,2,180,7,2
"649","2020-04-15",79,8,71,249,1490,0.881208053691275,8460,15726,85,238,17,363,6,186,16,6
"650","2020-04-16",76,8,70,256,1490,0.881208053691275,8460,15726,85,238,8,371,2,188,5,2
"651","2020-04-17",83,8,65,245,1490,0.881208053691275,8460,15726,85,238,12,383,1,189,8,1
"652","2020-04-18",80,8,61,247,1490,0.881208053691275,8460,15726,85,238,12,395,4,193,9,4
"653","2020-04-19",75,8,64,243,1490,0.881208053691275,8460,15726,85,238,10,405,8,201,7,8
"654","2020-04-20",70,8,62,243,1490,0.881208053691275,8460,15726,85,238,12,417,9,210,11,9
"655","2020-04-21",78,8,65,237,1490,0.881208053691275,8460,15726,85,238,13,430,1,211,12,1
"656","2020-04-22",77,8,66,244,1490,0.881208053691275,8460,15726,85,238,6,436,6,217,6,6
"657","2020-04-23",85,8,66,247,1490,0.881208053691275,8460,15726,85,238,7,443,5,222,5,5
"658","2020-04-24",73,8,59,247,1490,0.881208053691275,8460,15726,85,238,11,454,3,225,7,3
"659","2020-04-25",74,8,60,249,1490,0.881208053691275,8460,15726,85,238,8,462,7,232,5,7
"660","2020-04-26",78,8,56,243,1490,0.881208053691275,8460,15726,85,238,10,472,4,236,9,4
"661","2020-04-27",74,8,61,240,1490,0.881208053691275,8460,15726,85,238,11,483,1,237,9,1
"662","2020-04-28",69,8,62,253,1490,0.881208053691275,8460,15726,85,238,16,499,NA,NA,15,NA
"663","2020-04-29",70,8,55,268,1490,0.881208053691275,8460,15726,85,238,13,512,1,238,8,1
"664","2020-04-30",68,8,59,267,1490,0.881208053691275,8460,15726,85,238,11,523,NA,NA,9,NA
"665","2020-05-01",85,8,56,272,1490,0.881208053691275,8460,15726,85,238,8,531,2,240,7,2
"666","2020-05-02",105,8,50,272,1490,0.881208053691275,8460,15726,85,238,7,538,NA,NA,6,NA
"667","2020-05-03",106,8,42,252,1490,0.881208053691275,8460,15726,85,238,7,545,NA,NA,7,NA
"668","2020-05-04",102,8,34,250,1490,0.881208053691275,8460,15726,85,238,13,558,1,241,12,1
"669","2020-05-05",96,8,38,256,1490,0.881208053691275,8460,15726,85,238,11,569,1,242,11,1
"670","2020-05-06",95,8,35,245,1490,0.881208053691275,8460,15726,85,238,13,582,1,243,13,1
"671","2020-05-07",99,8,32,239,1490,0.881208053691275,8460,15726,85,238,15,597,NA,NA,14,NA
"672","2020-05-08",101,8,27,238,1490,0.881208053691275,8460,15726,85,238,8,605,1,244,8,1
"673","2020-05-09",93,8,28,233,1490,0.881208053691275,8460,15726,85,238,16,621,1,245,14,1
"674","2020-05-10",81,8,29,223,1490,0.881208053691275,8460,15726,85,238,15,636,1,246,15,1
"675","2020-05-11",78,8,23,231,1490,0.881208053691275,8460,15726,85,238,11,647,2,248,11,2
"676","2020-05-12",74,8,23,212,1490,0.881208053691275,8460,15726,85,238,12,659,3,251,8,3
"677","2020-05-13",74,8,23,192,1490,0.881208053691275,8460,15726,85,238,9,668,2,253,9,2
"678","2020-05-14",69,8,23,183,1490,0.881208053691275,8460,15726,85,238,8,676,3,256,8,3
"679","2020-05-15",78,8,27,189,1490,0.881208053691275,8460,15726,85,238,11,687,7,263,11,7
"680","2020-05-16",69,8,37,187,1490,0.881208053691275,8460,15726,85,238,7,694,2,265,7,2
"681","2020-05-17",65,8,36,190,1490,0.881208053691275,8460,15726,85,238,17,711,1,266,16,1
"682","2020-05-18",63,8,32,185,1490,0.881208053691275,8460,15726,85,238,12,723,1,267,12,1
"683","2020-05-19",66,8,32,189,1490,0.881208053691275,8460,15726,85,238,10,733,2,269,9,2
"684","2020-05-20",64,8,28,186,1490,0.881208053691275,8460,15726,85,238,6,739,1,270,6,1
"685","2020-05-21",64,8,27,181,1490,0.881208053691275,8460,15726,85,238,9,748,2,272,9,2
"686","2020-05-22",59,8,22,173,1490,0.881208053691275,8460,15726,85,238,7,755,4,276,6,4
"687","2020-05-23",64,8,21,163,1490,0.881208053691275,8460,15726,85,238,5,760,2,278,4,2
"688","2020-05-24",60,8,22,160,1490,0.881208053691275,8460,15726,85,238,11,771,2,280,10,2
"689","2020-05-25",56,8,20,157,1490,0.881208053691275,8460,15726,85,238,9,780,NA,NA,8,NA
"690","2020-05-26",54,8,25,145,1490,0.881208053691275,8460,15726,85,238,6,786,NA,NA,4,NA
"691","2020-05-27",52,8,28,138,1490,0.881208053691275,8460,15726,85,238,8,794,2,282,7,2
"692","2020-05-28",52,8,33,129,1490,0.881208053691275,8460,15726,85,238,8,802,1,283,6,1
"693","2020-05-29",54,8,33,121,1490,0.881208053691275,8460,15726,85,238,10,812,NA,NA,8,NA
"694","2020-05-30",52,8,33,120,1490,0.881208053691275,8460,15726,85,238,13,825,NA,NA,12,NA
"695","2020-05-31",43,8,32,111,1490,0.881208053691275,8460,15726,85,238,6,831,NA,NA,6,NA
"696","2020-06-01",41,8,31,108,1490,0.881208053691275,8460,15726,85,238,11,842,NA,NA,11,NA
"697","2020-06-02",36,8,27,97,1490,0.881208053691275,8460,15726,85,238,5,847,NA,NA,3,NA
"698","2020-06-03",34,8,27,98,1490,0.881208053691275,8460,15726,85,238,11,858,1,284,10,1
"699","2020-06-04",33,8,28,89,1490,0.881208053691275,8460,15726,85,238,6,864,1,285,6,1
"700","2020-06-05",34,8,29,85,1490,0.881208053691275,8460,15726,85,238,3,867,NA,NA,2,NA
"701","2020-06-06",27,8,31,81,1490,0.881208053691275,8460,15726,85,238,12,879,1,286,11,1
"702","2020-06-07",26,8,35,77,1490,0.881208053691275,8460,15726,85,238,5,884,3,289,5,3
"703","2020-03-14",1,9,21,23,5430,0.994843462246777,8325,30896,345,156,5,9,8,31,4,8
"704","2020-03-15",2,9,21,33,5430,0.994843462246777,8325,30896,345,156,4,13,7,38,2,7
"705","2020-03-16",3,9,17,43,5430,0.994843462246777,8325,30896,345,156,5,18,2,40,5,2
"706","2020-03-17",3,9,21,55,5430,0.994843462246777,8325,30896,345,156,5,23,8,48,4,8
"707","2020-03-18",5,9,24,64,5430,0.994843462246777,8325,30896,345,156,4,27,14,62,3,14
"708","2020-03-19",6,9,26,74,5430,0.994843462246777,8325,30896,345,156,7,34,7,69,5,7
"709","2020-03-20",8,9,27,93,5430,0.994843462246777,8325,30896,345,156,3,37,3,72,3,3
"710","2020-03-21",17,9,22,113,5430,0.994843462246777,8325,30896,345,156,10,47,18,90,10,18
"711","2020-03-22",21,9,28,136,5430,0.994843462246777,8325,30896,345,156,17,64,5,95,15,5
"712","2020-03-23",21,9,33,158,5430,0.994843462246777,8325,30896,345,156,11,75,16,111,10,16
"713","2020-03-24",27,9,33,191,5430,0.994843462246777,8325,30896,345,156,18,93,4,115,17,4
"714","2020-03-25",32,9,39,219,5430,0.994843462246777,8325,30896,345,156,15,108,2,117,14,2
"715","2020-03-26",39,9,36,262,5430,0.994843462246777,8325,30896,345,156,19,127,15,132,19,15
"716","2020-03-27",50,9,47,300,5430,0.994843462246777,8325,30896,345,156,25,152,14,146,22,14
"717","2020-03-28",62,9,45,331,5430,0.994843462246777,8325,30896,345,156,21,173,3,149,19,3
"718","2020-03-29",80,9,50,379,5430,0.994843462246777,8325,30896,345,156,19,192,9,158,19,9
"719","2020-03-30",83,9,50,419,5430,0.994843462246777,8325,30896,345,156,31,223,2,160,30,2
"720","2020-03-31",84,9,42,471,5430,0.994843462246777,8325,30896,345,156,27,250,3,163,27,3
"721","2020-04-01",94,9,37,534,5430,0.994843462246777,8325,30896,345,156,32,282,5,168,32,5
"722","2020-04-02",107,9,42,593,5430,0.994843462246777,8325,30896,345,156,40,322,3,171,39,3
"723","2020-04-03",130,9,50,665,5430,0.994843462246777,8325,30896,345,156,40,362,12,183,40,12
"724","2020-04-04",139,9,50,720,5430,0.994843462246777,8325,30896,345,156,38,400,9,192,38,9
"725","2020-04-05",204,9,48,772,5430,0.994843462246777,8325,30896,345,156,31,431,7,199,31,7
"726","2020-04-06",210,9,51,832,5430,0.994843462246777,8325,30896,345,156,43,474,8,207,43,8
"727","2020-04-07",216,9,43,916,5430,0.994843462246777,8325,30896,345,156,59,533,9,216,59,9
"728","2020-04-08",228,9,35,987,5430,0.994843462246777,8325,30896,345,156,56,589,11,227,54,11
"729","2020-04-09",248,9,35,1039,5430,0.994843462246777,8325,30896,345,156,46,635,6,233,46,6
"730","2020-04-10",331,9,33,1137,5430,0.994843462246777,8325,30896,345,156,50,685,5,238,49,5
"731","2020-04-11",405,9,32,1187,5430,0.994843462246777,8325,30896,345,156,75,760,NA,NA,75,NA
"732","2020-04-12",360,9,28,1262,5430,0.994843462246777,8325,30896,345,156,52,812,NA,NA,52,NA
"733","2020-04-13",382,9,29,1283,5430,0.994843462246777,8325,30896,345,156,70,882,4,242,70,4
"734","2020-04-14",388,9,22,1368,5430,0.994843462246777,8325,30896,345,156,72,954,11,253,72,11
"735","2020-04-15",403,9,19,1417,5430,0.994843462246777,8325,30896,345,156,63,1017,4,257,63,4
"736","2020-04-16",401,9,16,1461,5430,0.994843462246777,8325,30896,345,156,57,1074,5,262,56,5
"737","2020-04-17",477,9,11,1468,5430,0.994843462246777,8325,30896,345,156,84,1158,5,267,84,5
"738","2020-04-18",481,9,13,1479,5430,0.994843462246777,8325,30896,345,156,95,1253,1,268,94,1
"739","2020-04-19",474,9,16,1509,5430,0.994843462246777,8325,30896,345,156,62,1315,2,270,62,2
"740","2020-04-20",469,9,16,1534,5430,0.994843462246777,8325,30896,345,156,88,1403,1,271,88,1
"741","2020-04-21",481,9,12,1542,5430,0.994843462246777,8325,30896,345,156,94,1497,3,274,94,3
"742","2020-04-22",488,9,16,1533,5430,0.994843462246777,8325,30896,345,156,73,1570,3,277,73,3
"743","2020-04-23",493,9,13,1542,5430,0.994843462246777,8325,30896,345,156,120,1690,2,279,120,2
"744","2020-04-24",559,9,8,1513,5430,0.994843462246777,8325,30896,345,156,81,1771,3,282,81,3
"745","2020-04-25",547,9,8,1528,5430,0.994843462246777,8325,30896,345,156,85,1856,2,284,85,2
"746","2020-04-26",500,9,11,1506,5430,0.994843462246777,8325,30896,345,156,86,1942,7,291,86,7
"747","2020-04-27",496,9,9,1487,5430,0.994843462246777,8325,30896,345,156,92,2034,3,294,92,3
"748","2020-04-28",490,9,9,1471,5430,0.994843462246777,8325,30896,345,156,92,2126,1,295,92,1
"749","2020-04-29",503,9,15,1431,5430,0.994843462246777,8325,30896,345,156,79,2205,5,300,79,5
"750","2020-04-30",502,9,16,1414,5430,0.994843462246777,8325,30896,345,156,115,2320,6,306,114,6
"751","2020-05-01",498,9,19,1385,5430,0.994843462246777,8325,30896,345,156,89,2409,2,308,89,2
"752","2020-05-02",485,9,19,1322,5430,0.994843462246777,8325,30896,345,156,98,2507,8,316,98,8
"753","2020-05-03",448,9,13,1265,5430,0.994843462246777,8325,30896,345,156,100,2607,3,319,99,3
"754","2020-05-04",437,9,10,1205,5430,0.994843462246777,8325,30896,345,156,85,2692,2,321,85,2
"755","2020-05-05",433,9,8,1154,5430,0.994843462246777,8325,30896,345,156,77,2769,5,326,76,5
"756","2020-05-06",411,9,7,1102,5430,0.994843462246777,8325,30896,345,156,89,2858,NA,NA,89,NA
"757","2020-05-07",407,9,7,1003,5430,0.994843462246777,8325,30896,345,156,98,2956,1,327,97,1
"758","2020-05-08",379,9,8,922,5430,0.994843462246777,8325,30896,345,156,77,3033,NA,NA,77,NA
"759","2020-05-09",370,9,8,869,5430,0.994843462246777,8325,30896,345,156,92,3125,NA,NA,92,NA
"760","2020-05-10",329,9,8,812,5430,0.994843462246777,8325,30896,345,156,89,3214,NA,NA,89,NA
"761","2020-05-11",305,9,7,743,5430,0.994843462246777,8325,30896,345,156,87,3301,NA,NA,87,NA
"762","2020-05-12",279,9,7,686,5430,0.994843462246777,8325,30896,345,156,89,3390,NA,NA,89,NA
"763","2020-05-13",262,9,5,608,5430,0.994843462246777,8325,30896,345,156,69,3459,NA,NA,69,NA
"764","2020-05-14",250,9,3,554,5430,0.994843462246777,8325,30896,345,156,56,3515,NA,NA,56,NA
"765","2020-05-15",226,9,2,497,5430,0.994843462246777,8325,30896,345,156,84,3599,NA,NA,83,NA
"766","2020-05-16",211,9,2,463,5430,0.994843462246777,8325,30896,345,156,69,3668,NA,NA,69,NA
"767","2020-05-17",183,9,1,417,5430,0.994843462246777,8325,30896,345,156,75,3743,NA,NA,75,NA
"768","2020-05-18",179,9,1,384,5430,0.994843462246777,8325,30896,345,156,55,3798,1,328,55,1
"769","2020-05-19",176,9,1,350,5430,0.994843462246777,8325,30896,345,156,77,3875,NA,NA,76,NA
"770","2020-05-20",162,9,1,309,5430,0.994843462246777,8325,30896,345,156,50,3925,1,329,50,1
"771","2020-05-21",141,9,1,269,5430,0.994843462246777,8325,30896,345,156,56,3981,NA,NA,56,NA
"772","2020-05-22",115,9,1,243,5430,0.994843462246777,8325,30896,345,156,53,4034,1,330,52,1
"773","2020-05-23",100,9,1,217,5430,0.994843462246777,8325,30896,345,156,64,4098,NA,NA,64,NA
"774","2020-05-24",94,9,1,193,5430,0.994843462246777,8325,30896,345,156,47,4145,NA,NA,47,NA
"775","2020-05-25",85,9,1,170,5430,0.994843462246777,8325,30896,345,156,51,4196,2,332,51,2
"776","2020-05-26",73,9,1,150,5430,0.994843462246777,8325,30896,345,156,35,4231,3,335,35,3
"777","2020-05-27",66,9,1,128,5430,0.994843462246777,8325,30896,345,156,44,4275,1,336,44,1
"778","2020-05-28",63,9,1,102,5430,0.994843462246777,8325,30896,345,156,29,4304,2,338,29,2
"779","2020-05-29",48,9,1,88,5430,0.994843462246777,8325,30896,345,156,40,4344,NA,NA,40,NA
"780","2020-05-30",37,9,1,72,5430,0.994843462246777,8325,30896,345,156,21,4365,NA,NA,21,NA
"781","2020-05-31",35,9,1,55,5430,0.994843462246777,8325,30896,345,156,25,4390,NA,NA,24,NA
"782","2020-06-01",29,9,1,48,5430,0.994843462246777,8325,30896,345,156,33,4423,NA,NA,33,NA
"783","2020-06-02",20,9,1,40,5430,0.994843462246777,8325,30896,345,156,23,4446,NA,NA,23,NA
"784","2020-06-03",18,9,2,33,5430,0.994843462246777,8325,30896,345,156,25,4471,NA,NA,25,NA
"785","2020-06-04",16,9,2,27,5430,0.994843462246777,8325,30896,345,156,15,4486,NA,NA,15,NA
"786","2020-06-05",12,9,2,24,5430,0.994843462246777,8325,30896,345,156,23,4509,NA,NA,23,NA
"787","2020-06-06",12,9,2,20,5430,0.994843462246777,8325,30896,345,156,15,4524,NA,NA,15,NA
"788","2020-06-07",9,9,2,17,5430,0.994843462246777,8325,30896,345,156,21,4545,NA,NA,21,NA
"789","2020-03-13",2,10,19,7,5466,0.991767288693743,8250,30251,300,181,9,17,1,6,2,1
"790","2020-03-14",2,10,15,11,5466,0.991767288693743,8250,30251,300,181,6,23,3,9,4,3
"791","2020-03-15",0,10,0,0,5466,0.991767288693743,8250,30251,300,181,7,30,1,10,2,1
"792","2020-03-16",0,10,0,0,5466,0.991767288693743,8250,30251,300,181,4,34,4,14,2,4
"793","2020-03-17",0,10,0,0,5466,0.991767288693743,8250,30251,300,181,8,42,7,21,6,7
"794","2020-03-18",2,10,10,24,5466,0.991767288693743,8250,30251,300,181,10,52,NA,NA,6,NA
"795","2020-03-19",2,10,14,28,5466,0.991767288693743,8250,30251,300,181,11,63,1,22,8,1
"796","2020-03-20",2,10,14,25,5466,0.991767288693743,8250,30251,300,181,10,73,6,28,6,6
"797","2020-03-21",3,10,14,27,5466,0.991767288693743,8250,30251,300,181,11,84,3,31,6,3
"798","2020-03-22",5,10,30,34,5466,0.991767288693743,8250,30251,300,181,14,98,1,32,13,1
"799","2020-03-23",7,10,36,37,5466,0.991767288693743,8250,30251,300,181,12,110,2,34,7,2
"800","2020-03-24",8,10,35,41,5466,0.991767288693743,8250,30251,300,181,13,123,8,42,12,8
"801","2020-03-25",7,10,30,44,5466,0.991767288693743,8250,30251,300,181,11,134,1,43,7,1
"802","2020-03-26",8,10,33,48,5466,0.991767288693743,8250,30251,300,181,9,143,3,46,8,3
"803","2020-03-27",11,10,28,52,5466,0.991767288693743,8250,30251,300,181,17,160,1,47,13,1
"804","2020-03-28",15,10,30,61,5466,0.991767288693743,8250,30251,300,181,18,178,8,55,15,8
"805","2020-03-29",14,10,30,67,5466,0.991767288693743,8250,30251,300,181,17,195,4,59,17,4
"806","2020-03-30",11,10,28,72,5466,0.991767288693743,8250,30251,300,181,22,217,2,61,18,2
"807","2020-03-31",13,10,32,80,5466,0.991767288693743,8250,30251,300,181,14,231,10,71,12,10
"808","2020-04-01",17,10,27,94,5466,0.991767288693743,8250,30251,300,181,16,247,2,73,13,2
"809","2020-04-02",19,10,27,115,5466,0.991767288693743,8250,30251,300,181,26,273,5,78,22,5
"810","2020-04-03",28,10,30,135,5466,0.991767288693743,8250,30251,300,181,26,299,7,85,26,7
"811","2020-04-04",34,10,32,153,5466,0.991767288693743,8250,30251,300,181,31,330,11,96,27,11
"812","2020-04-05",39,10,34,166,5466,0.991767288693743,8250,30251,300,181,30,360,5,101,25,5
"813","2020-04-06",45,10,29,186,5466,0.991767288693743,8250,30251,300,181,24,384,4,105,24,4
"814","2020-04-07",50,10,39,202,5466,0.991767288693743,8250,30251,300,181,18,402,7,112,18,7
"815","2020-04-08",45,10,31,231,5466,0.991767288693743,8250,30251,300,181,26,428,7,119,26,7
"816","2020-04-09",48,10,34,255,5466,0.991767288693743,8250,30251,300,181,38,466,5,124,38,5
"817","2020-04-10",61,10,32,306,5466,0.991767288693743,8250,30251,300,181,29,495,4,128,28,4
"818","2020-04-11",73,10,30,331,5466,0.991767288693743,8250,30251,300,181,22,517,3,131,20,3
"819","2020-04-12",74,10,32,378,5466,0.991767288693743,8250,30251,300,181,37,554,2,133,34,2
"820","2020-04-13",71,10,32,412,5466,0.991767288693743,8250,30251,300,181,29,583,NA,NA,29,NA
"821","2020-04-14",69,10,27,465,5466,0.991767288693743,8250,30251,300,181,29,612,2,135,27,2
"822","2020-04-15",87,10,30,500,5466,0.991767288693743,8250,30251,300,181,29,641,1,136,29,1
"823","2020-04-16",101,10,24,560,5466,0.991767288693743,8250,30251,300,181,25,666,4,140,25,4
"824","2020-04-17",130,10,28,667,5466,0.991767288693743,8250,30251,300,181,36,702,8,148,36,8
"825","2020-04-18",156,10,32,700,5466,0.991767288693743,8250,30251,300,181,34,736,3,151,31,3
"826","2020-04-19",151,10,28,779,5466,0.991767288693743,8250,30251,300,181,39,775,6,157,38,6
"827","2020-04-20",168,10,26,846,5466,0.991767288693743,8250,30251,300,181,40,815,6,163,39,6
"828","2020-04-21",198,10,30,939,5466,0.991767288693743,8250,30251,300,181,45,860,9,172,44,9
"829","2020-04-22",210,10,34,1007,5466,0.991767288693743,8250,30251,300,181,43,903,5,177,43,5
"830","2020-04-23",244,10,39,1140,5466,0.991767288693743,8250,30251,300,181,47,950,7,184,44,7
"831","2020-04-24",319,10,44,1225,5466,0.991767288693743,8250,30251,300,181,49,999,6,190,47,6
"832","2020-04-25",358,10,45,1313,5466,0.991767288693743,8250,30251,300,181,50,1049,4,194,47,4
"833","2020-04-26",411,10,42,1392,5466,0.991767288693743,8250,30251,300,181,46,1095,7,201,46,7
"834","2020-04-27",415,10,45,1453,5466,0.991767288693743,8250,30251,300,181,60,1155,12,213,57,12
"835","2020-04-28",409,10,51,1519,5466,0.991767288693743,8250,30251,300,181,44,1199,7,220,44,7
"836","2020-04-29",437,10,63,1596,5466,0.991767288693743,8250,30251,300,181,50,1249,6,226,50,6
"837","2020-04-30",451,10,61,1643,5466,0.991767288693743,8250,30251,300,181,45,1294,7,233,45,7
"838","2020-05-01",583,10,66,1685,5466,0.991767288693743,8250,30251,300,181,49,1343,5,238,49,5
"839","2020-05-02",577,10,73,1711,5466,0.991767288693743,8250,30251,300,181,39,1382,5,243,39,5
"840","2020-05-03",535,10,75,1688,5466,0.991767288693743,8250,30251,300,181,57,1439,3,246,55,3
"841","2020-05-04",558,10,86,1739,5466,0.991767288693743,8250,30251,300,181,41,1480,3,249,41,3
"842","2020-05-05",566,10,83,1737,5466,0.991767288693743,8250,30251,300,181,53,1533,2,251,51,2
"843","2020-05-06",562,10,82,1691,5466,0.991767288693743,8250,30251,300,181,55,1588,1,252,54,1
"844","2020-05-07",553,10,80,1672,5466,0.991767288693743,8250,30251,300,181,49,1637,2,254,48,2
"845","2020-05-08",578,10,81,1627,5466,0.991767288693743,8250,30251,300,181,47,1684,2,256,47,2
"846","2020-05-09",586,10,75,1594,5466,0.991767288693743,8250,30251,300,181,46,1730,1,257,45,1
"847","2020-05-10",533,10,72,1567,5466,0.991767288693743,8250,30251,300,181,37,1767,6,263,37,6
"848","2020-05-11",522,10,66,1507,5466,0.991767288693743,8250,30251,300,181,40,1807,NA,NA,40,NA
"849","2020-05-12",518,10,65,1453,5466,0.991767288693743,8250,30251,300,181,39,1846,5,268,39,5
"850","2020-05-13",516,10,69,1377,5466,0.991767288693743,8250,30251,300,181,38,1884,4,272,38,4
"851","2020-05-14",502,10,73,1302,5466,0.991767288693743,8250,30251,300,181,43,1927,1,273,42,1
"852","2020-05-15",502,10,76,1226,5466,0.991767288693743,8250,30251,300,181,39,1966,1,274,38,1
"853","2020-05-16",497,10,65,1157,5466,0.991767288693743,8250,30251,300,181,38,2004,1,275,37,1
"854","2020-05-17",461,10,72,1085,5466,0.991767288693743,8250,30251,300,181,29,2033,NA,NA,27,NA
"855","2020-05-18",434,10,66,1010,5466,0.991767288693743,8250,30251,300,181,49,2082,1,276,49,1
"856","2020-05-19",390,10,64,940,5466,0.991767288693743,8250,30251,300,181,33,2115,1,277,32,1
"857","2020-05-20",379,10,66,872,5466,0.991767288693743,8250,30251,300,181,51,2166,NA,NA,51,NA
"858","2020-05-21",362,10,59,844,5466,0.991767288693743,8250,30251,300,181,36,2202,2,279,35,2
"859","2020-05-22",322,10,60,776,5466,0.991767288693743,8250,30251,300,181,45,2247,NA,NA,44,NA
"860","2020-05-23",300,10,57,717,5466,0.991767288693743,8250,30251,300,181,44,2291,1,280,44,1
"861","2020-05-24",263,10,47,659,5466,0.991767288693743,8250,30251,300,181,36,2327,2,282,35,2
"862","2020-05-25",250,10,45,631,5466,0.991767288693743,8250,30251,300,181,45,2372,2,284,44,2
"863","2020-05-26",253,10,36,566,5466,0.991767288693743,8250,30251,300,181,24,2396,2,286,24,2
"864","2020-05-27",236,10,33,495,5466,0.991767288693743,8250,30251,300,181,40,2436,4,290,39,4
"865","2020-05-28",225,10,33,444,5466,0.991767288693743,8250,30251,300,181,27,2463,3,293,26,3
"866","2020-05-29",192,10,35,402,5466,0.991767288693743,8250,30251,300,181,29,2492,1,294,29,1
"867","2020-05-30",177,10,40,367,5466,0.991767288693743,8250,30251,300,181,33,2525,2,296,33,2
"868","2020-05-31",161,10,39,340,5466,0.991767288693743,8250,30251,300,181,31,2556,NA,NA,31,NA
"869","2020-06-01",148,10,39,299,5466,0.991767288693743,8250,30251,300,181,33,2589,4,300,32,4
"870","2020-06-02",130,10,33,269,5466,0.991767288693743,8250,30251,300,181,30,2619,6,306,29,6
"871","2020-06-03",116,10,35,235,5466,0.991767288693743,8250,30251,300,181,16,2635,2,308,16,2
"872","2020-06-04",104,10,29,217,5466,0.991767288693743,8250,30251,300,181,25,2660,2,310,25,2
"873","2020-06-05",83,10,26,198,5466,0.991767288693743,8250,30251,300,181,19,2679,5,315,19,5
"874","2020-06-06",78,10,25,174,5466,0.991767288693743,8250,30251,300,181,37,2716,1,316,36,1
"875","2020-06-07",66,10,22,158,5466,0.991767288693743,8250,30251,300,181,15,2731,2,318,14,2
"876","2020-03-14",1,11,41,33,4670,0.965738758029979,8325,29218,253,102,11,33,4,16,3,4
"877","2020-03-15",2,11,38,40,4670,0.965738758029979,8325,29218,253,102,10,43,19,35,3,19
"878","2020-03-16",2,11,39,60,4670,0.965738758029979,8325,29218,253,102,12,55,12,47,8,12
"879","2020-03-17",2,11,39,79,4670,0.965738758029979,8325,29218,253,102,18,73,25,72,9,25
"880","2020-03-18",5,11,47,93,4670,0.965738758029979,8325,29218,253,102,17,90,18,90,11,18
"881","2020-03-19",8,11,54,118,4670,0.965738758029979,8325,29218,253,102,13,103,10,100,6,10
"882","2020-03-20",15,11,60,141,4670,0.965738758029979,8325,29218,253,102,24,127,20,120,18,20
"883","2020-03-21",21,11,49,163,4670,0.965738758029979,8325,29218,253,102,21,148,21,141,14,21
"884","2020-03-22",27,11,44,188,4670,0.965738758029979,8325,29218,253,102,20,168,20,161,16,20
"885","2020-03-23",28,11,41,210,4670,0.965738758029979,8325,29218,253,102,26,194,16,177,23,16
"886","2020-03-24",35,11,41,247,4670,0.965738758029979,8325,29218,253,102,23,217,13,190,19,13
"887","2020-03-25",42,11,44,277,4670,0.965738758029979,8325,29218,253,102,30,247,15,205,28,15
"888","2020-03-26",58,11,54,294,4670,0.965738758029979,8325,29218,253,102,18,265,18,223,16,18
"889","2020-03-27",75,11,52,349,4670,0.965738758029979,8325,29218,253,102,21,286,15,238,20,15
"890","2020-03-28",91,11,51,376,4670,0.965738758029979,8325,29218,253,102,30,316,18,256,28,18
"891","2020-03-29",104,11,49,419,4670,0.965738758029979,8325,29218,253,102,23,339,18,274,18,18
"892","2020-03-30",118,11,45,451,4670,0.965738758029979,8325,29218,253,102,25,364,18,292,20,18
"893","2020-03-31",125,11,52,484,4670,0.965738758029979,8325,29218,253,102,23,387,29,321,20,29
"894","2020-04-01",130,11,50,507,4670,0.965738758029979,8325,29218,253,102,21,408,28,349,19,28
"895","2020-04-02",133,11,45,541,4670,0.965738758029979,8325,29218,253,102,17,425,18,367,15,18
"896","2020-04-03",150,11,45,567,4670,0.965738758029979,8325,29218,253,102,29,454,27,394,24,27
"897","2020-04-04",182,11,49,603,4670,0.965738758029979,8325,29218,253,102,29,483,29,423,27,29
"898","2020-04-05",189,11,40,664,4670,0.965738758029979,8325,29218,253,102,20,503,30,453,15,30
"899","2020-04-06",187,11,38,726,4670,0.965738758029979,8325,29218,253,102,29,532,28,481,26,28
"900","2020-04-07",196,11,37,783,4670,0.965738758029979,8325,29218,253,102,33,565,30,511,32,30
"901","2020-04-08",210,11,35,836,4670,0.965738758029979,8325,29218,253,102,27,592,30,541,21,30
"902","2020-04-09",221,11,35,859,4670,0.965738758029979,8325,29218,253,102,16,608,36,577,16,36
"903","2020-04-10",262,11,35,889,4670,0.965738758029979,8325,29218,253,102,32,640,46,623,28,46
"904","2020-04-11",303,11,37,972,4670,0.965738758029979,8325,29218,253,102,36,676,27,650,33,27
"905","2020-04-12",301,11,41,1007,4670,0.965738758029979,8325,29218,253,102,24,700,41,691,21,41
"906","2020-04-13",309,11,40,1082,4670,0.965738758029979,8325,29218,253,102,41,741,30,721,37,30
"907","2020-04-14",326,11,30,1114,4670,0.965738758029979,8325,29218,253,102,29,770,27,748,27,27
"908","2020-04-15",336,11,31,1125,4670,0.965738758029979,8325,29218,253,102,26,796,22,770,25,22
"909","2020-04-16",350,11,27,1124,4670,0.965738758029979,8325,29218,253,102,34,830,17,787,28,17
"910","2020-04-17",415,11,23,1156,4670,0.965738758029979,8325,29218,253,102,37,867,12,799,36,12
"911","2020-04-18",424,11,31,1151,4670,0.965738758029979,8325,29218,253,102,30,897,21,820,28,21
"912","2020-04-19",385,11,35,1143,4670,0.965738758029979,8325,29218,253,102,29,926,14,834,27,14
"913","2020-04-20",368,11,29,1152,4670,0.965738758029979,8325,29218,253,102,37,963,16,850,32,16
"914","2020-04-21",362,11,22,1154,4670,0.965738758029979,8325,29218,253,102,32,995,17,867,29,17
"915","2020-04-22",362,11,27,1180,4670,0.965738758029979,8325,29218,253,102,30,1025,23,890,29,23
"916","2020-04-23",365,11,26,1159,4670,0.965738758029979,8325,29218,253,102,34,1059,14,904,32,14
"917","2020-04-24",403,11,26,1148,4670,0.965738758029979,8325,29218,253,102,21,1080,24,928,21,24
"918","2020-04-25",367,11,26,1149,4670,0.965738758029979,8325,29218,253,102,26,1106,28,956,25,28
"919","2020-04-26",374,11,26,1140,4670,0.965738758029979,8325,29218,253,102,38,1144,31,987,37,31
"920","2020-04-27",378,11,26,1115,4670,0.965738758029979,8325,29218,253,102,25,1169,22,1009,23,22
"921","2020-04-28",379,11,24,1104,4670,0.965738758029979,8325,29218,253,102,27,1196,25,1034,26,25
"922","2020-04-29",370,11,24,1061,4670,0.965738758029979,8325,29218,253,102,38,1234,21,1055,36,21
"923","2020-04-30",354,11,26,1018,4670,0.965738758029979,8325,29218,253,102,26,1260,23,1078,26,23
"924","2020-05-01",357,11,34,1009,4670,0.965738758029979,8325,29218,253,102,25,1285,28,1106,24,28
"925","2020-05-02",373,11,26,984,4670,0.965738758029979,8325,29218,253,102,27,1312,21,1127,25,21
"926","2020-05-03",330,11,32,954,4670,0.965738758029979,8325,29218,253,102,22,1334,16,1143,20,16
"927","2020-05-04",316,11,34,910,4670,0.965738758029979,8325,29218,253,102,36,1370,16,1159,35,16
"928","2020-05-05",304,11,36,865,4670,0.965738758029979,8325,29218,253,102,38,1408,26,1185,36,26
"929","2020-05-06",292,11,36,804,4670,0.965738758029979,8325,29218,253,102,9,1417,27,1212,9,27
"930","2020-05-07",285,11,34,764,4670,0.965738758029979,8325,29218,253,102,35,1452,22,1234,35,22
"931","2020-05-08",272,11,28,721,4670,0.965738758029979,8325,29218,253,102,27,1479,21,1255,26,21
"932","2020-05-09",259,11,20,692,4670,0.965738758029979,8325,29218,253,102,23,1502,30,1285,22,30
"933","2020-05-10",235,11,16,665,4670,0.965738758029979,8325,29218,253,102,22,1524,21,1306,22,21
"934","2020-05-11",227,11,17,621,4670,0.965738758029979,8325,29218,253,102,15,1539,23,1329,15,23
"935","2020-05-12",214,11,14,592,4670,0.965738758029979,8325,29218,253,102,27,1566,17,1346,25,17
"936","2020-05-13",221,11,16,560,4670,0.965738758029979,8325,29218,253,102,33,1599,15,1361,32,15
"937","2020-05-14",211,11,15,529,4670,0.965738758029979,8325,29218,253,102,23,1622,12,1373,23,12
"938","2020-05-15",191,11,16,477,4670,0.965738758029979,8325,29218,253,102,22,1644,17,1390,20,17
"939","2020-05-16",174,11,16,453,4670,0.965738758029979,8325,29218,253,102,23,1667,20,1410,21,20
"940","2020-05-17",164,11,13,427,4670,0.965738758029979,8325,29218,253,102,20,1687,9,1419,18,9
"941","2020-05-18",155,11,14,402,4670,0.965738758029979,8325,29218,253,102,27,1714,14,1433,24,14
"942","2020-05-19",149,11,14,371,4670,0.965738758029979,8325,29218,253,102,25,1739,17,1450,24,17
"943","2020-05-20",135,11,10,351,4670,0.965738758029979,8325,29218,253,102,24,1763,19,1469,22,19
"944","2020-05-21",137,11,7,337,4670,0.965738758029979,8325,29218,253,102,20,1783,14,1483,20,14
"945","2020-05-22",131,11,7,321,4670,0.965738758029979,8325,29218,253,102,27,1810,13,1496,26,13
"946","2020-05-23",136,11,9,294,4670,0.965738758029979,8325,29218,253,102,29,1839,12,1508,28,12
"947","2020-05-24",128,11,11,268,4670,0.965738758029979,8325,29218,253,102,24,1863,15,1523,24,15
"948","2020-05-25",117,11,10,245,4670,0.965738758029979,8325,29218,253,102,25,1888,16,1539,24,16
"949","2020-05-26",107,11,11,224,4670,0.965738758029979,8325,29218,253,102,23,1911,20,1559,23,20
"950","2020-05-27",109,11,12,215,4670,0.965738758029979,8325,29218,253,102,25,1936,16,1575,22,16
"951","2020-05-28",102,11,12,192,4670,0.965738758029979,8325,29218,253,102,27,1963,14,1589,26,14
"952","2020-05-29",91,11,12,176,4670,0.965738758029979,8325,29218,253,102,18,1981,9,1598,18,9
"953","2020-05-30",76,11,11,148,4670,0.965738758029979,8325,29218,253,102,20,2001,9,1607,19,9
"954","2020-05-31",70,11,9,141,4670,0.965738758029979,8325,29218,253,102,20,2021,9,1616,19,9
"955","2020-06-01",67,11,8,121,4670,0.965738758029979,8325,29218,253,102,21,2042,4,1620,18,4
"956","2020-06-02",57,11,5,110,4670,0.965738758029979,8325,29218,253,102,21,2063,9,1629,21,9
"957","2020-06-03",47,11,3,102,4670,0.965738758029979,8325,29218,253,102,9,2072,7,1636,9,7
"958","2020-06-04",36,11,3,94,4670,0.965738758029979,8325,29218,253,102,13,2085,9,1645,11,9
"959","2020-06-05",30,11,2,79,4670,0.965738758029979,8325,29218,253,102,12,2097,8,1653,11,8
"960","2020-06-06",30,11,2,76,4670,0.965738758029979,8325,29218,253,102,16,2113,6,1659,12,6
"961","2020-06-07",24,11,1,74,4670,0.965738758029979,8325,29218,253,102,13,2126,8,1667,12,8
"962","2020-03-08",1,12,0,0,903,0.741971207087486,8400,11028,43,119,NA,NA,NA,NA,NA,NA
"963","2020-03-09",1,12,0,0,903,0.741971207087486,8400,11028,43,119,NA,NA,NA,NA,NA,NA
"964","2020-03-10",0,12,0,0,903,0.741971207087486,8400,11028,43,119,NA,NA,2,2,NA,2
"965","2020-03-11",0,12,0,0,903,0.741971207087486,8400,11028,43,119,5,5,2,4,1,2
"966","2020-03-12",0,12,0,0,903,0.741971207087486,8400,11028,43,119,4,9,5,9,3,5
"967","2020-03-13",3,12,20,26,903,0.741971207087486,8400,11028,43,119,4,13,4,13,2,4
"968","2020-03-14",5,12,29,34,903,0.741971207087486,8400,11028,43,119,6,19,4,17,5,4
"969","2020-03-15",4,12,32,44,903,0.741971207087486,8400,11028,43,119,10,29,4,21,6,4
"970","2020-03-16",4,12,29,55,903,0.741971207087486,8400,11028,43,119,9,38,9,30,7,9
"971","2020-03-17",5,12,37,65,903,0.741971207087486,8400,11028,43,119,7,45,6,36,4,6
"972","2020-03-18",6,12,32,70,903,0.741971207087486,8400,11028,43,119,7,52,11,47,7,11
"973","2020-03-19",11,12,46,82,903,0.741971207087486,8400,11028,43,119,12,64,6,53,9,6
"974","2020-03-20",18,12,44,95,903,0.741971207087486,8400,11028,43,119,15,79,11,64,14,11
"975","2020-03-21",23,12,52,104,903,0.741971207087486,8400,11028,43,119,10,89,8,72,8,8
"976","2020-03-22",21,12,57,107,903,0.741971207087486,8400,11028,43,119,13,102,9,81,11,9
"977","2020-03-23",23,12,51,123,903,0.741971207087486,8400,11028,43,119,13,115,4,85,9,4
"978","2020-03-24",23,12,59,132,903,0.741971207087486,8400,11028,43,119,12,127,10,95,8,10
"979","2020-03-25",25,12,60,143,903,0.741971207087486,8400,11028,43,119,20,147,2,97,17,2
"980","2020-03-26",24,12,47,147,903,0.741971207087486,8400,11028,43,119,21,168,6,103,20,6
"981","2020-03-27",22,12,48,154,903,0.741971207087486,8400,11028,43,119,16,184,2,105,14,2
"982","2020-03-28",29,12,48,153,903,0.741971207087486,8400,11028,43,119,24,208,4,109,23,4
"983","2020-03-29",40,12,52,160,903,0.741971207087486,8400,11028,43,119,14,222,12,121,11,12
"984","2020-03-30",38,12,44,163,903,0.741971207087486,8400,11028,43,119,16,238,7,128,15,7
"985","2020-03-31",43,12,51,170,903,0.741971207087486,8400,11028,43,119,18,256,4,132,15,4
"986","2020-04-01",51,12,45,181,903,0.741971207087486,8400,11028,43,119,27,283,4,136,27,4
"987","2020-04-02",56,12,42,181,903,0.741971207087486,8400,11028,43,119,20,303,1,137,17,1
"988","2020-04-03",69,12,34,183,903,0.741971207087486,8400,11028,43,119,20,323,4,141,17,4
"989","2020-04-04",66,12,36,187,903,0.741971207087486,8400,11028,43,119,22,345,2,143,21,2
"990","2020-04-05",61,12,38,185,903,0.741971207087486,8400,11028,43,119,23,368,NA,NA,23,NA
"991","2020-04-06",66,12,38,186,903,0.741971207087486,8400,11028,43,119,23,391,1,144,23,1
"992","2020-04-07",66,12,41,186,903,0.741971207087486,8400,11028,43,119,27,418,1,145,25,1
"993","2020-04-08",62,12,44,180,903,0.741971207087486,8400,11028,43,119,24,442,NA,NA,21,NA
"994","2020-04-09",67,12,41,176,903,0.741971207087486,8400,11028,43,119,22,464,1,146,22,1
"995","2020-04-10",67,12,42,174,903,0.741971207087486,8400,11028,43,119,16,480,2,148,16,2
"996","2020-04-11",77,12,35,168,903,0.741971207087486,8400,11028,43,119,24,504,2,150,22,2
"997","2020-04-12",74,12,32,156,903,0.741971207087486,8400,11028,43,119,17,521,1,151,17,1
"998","2020-04-13",66,12,27,154,903,0.741971207087486,8400,11028,43,119,24,545,1,152,24,1
"999","2020-04-14",60,12,31,147,903,0.741971207087486,8400,11028,43,119,28,573,4,156,26,4
"1000","2020-04-15",60,12,32,137,903,0.741971207087486,8400,11028,43,119,19,592,3,159,17,3
"1001","2020-04-16",49,12,27,132,903,0.741971207087486,8400,11028,43,119,25,617,3,162,25,3
"1002","2020-04-17",44,12,31,122,903,0.741971207087486,8400,11028,43,119,31,648,2,164,30,2
"1003","2020-04-18",46,12,32,117,903,0.741971207087486,8400,11028,43,119,17,665,4,168,17,4
"1004","2020-04-19",43,12,26,113,903,0.741971207087486,8400,11028,43,119,20,685,NA,NA,20,NA
"1005","2020-04-20",37,12,24,102,903,0.741971207087486,8400,11028,43,119,22,707,NA,NA,22,NA
"1006","2020-04-21",37,12,28,106,903,0.741971207087486,8400,11028,43,119,22,729,5,173,22,5
"1007","2020-04-22",34,12,25,100,903,0.741971207087486,8400,11028,43,119,23,752,2,175,23,2
"1008","2020-04-23",34,12,26,97,903,0.741971207087486,8400,11028,43,119,19,771,NA,NA,18,NA
"1009","2020-04-24",36,12,27,93,903,0.741971207087486,8400,11028,43,119,26,797,NA,NA,26,NA
"1010","2020-04-25",26,12,23,87,903,0.741971207087486,8400,11028,43,119,19,816,3,178,19,3
"1011","2020-04-26",29,12,27,83,903,0.741971207087486,8400,11028,43,119,23,839,1,179,22,1
"1012","2020-04-27",30,12,28,82,903,0.741971207087486,8400,11028,43,119,18,857,2,181,18,2
"1013","2020-04-28",26,12,22,83,903,0.741971207087486,8400,11028,43,119,15,872,8,189,15,8
"1014","2020-04-29",25,12,17,84,903,0.741971207087486,8400,11028,43,119,30,902,1,190,30,1
"1015","2020-04-30",28,12,18,88,903,0.741971207087486,8400,11028,43,119,21,923,2,192,20,2
"1016","2020-05-01",26,12,18,80,903,0.741971207087486,8400,11028,43,119,28,951,NA,NA,28,NA
"1017","2020-05-02",31,12,16,85,903,0.741971207087486,8400,11028,43,119,22,973,2,194,21,2
"1018","2020-05-03",30,12,14,90,903,0.741971207087486,8400,11028,43,119,12,985,1,195,11,1
"1019","2020-05-04",29,12,11,87,903,0.741971207087486,8400,11028,43,119,23,1008,4,199,21,4
"1020","2020-05-05",32,12,11,88,903,0.741971207087486,8400,11028,43,119,22,1030,NA,NA,21,NA
"1021","2020-05-06",33,12,9,92,903,0.741971207087486,8400,11028,43,119,16,1046,1,200,15,1
"1022","2020-05-07",30,12,5,94,903,0.741971207087486,8400,11028,43,119,24,1070,NA,NA,23,NA
"1023","2020-05-08",31,12,6,97,903,0.741971207087486,8400,11028,43,119,21,1091,NA,NA,21,NA
"1024","2020-05-09",32,12,6,101,903,0.741971207087486,8400,11028,43,119,20,1111,1,201,20,1
"1025","2020-05-10",29,12,5,98,903,0.741971207087486,8400,11028,43,119,13,1124,NA,NA,13,NA
"1026","2020-05-11",27,12,4,93,903,0.741971207087486,8400,11028,43,119,18,1142,NA,NA,18,NA
"1027","2020-05-12",24,12,5,92,903,0.741971207087486,8400,11028,43,119,12,1154,NA,NA,11,NA
"1028","2020-05-13",23,12,6,84,903,0.741971207087486,8400,11028,43,119,20,1174,1,202,20,1
"1029","2020-05-14",23,12,7,87,903,0.741971207087486,8400,11028,43,119,10,1184,NA,NA,10,NA
"1030","2020-05-15",24,12,10,93,903,0.741971207087486,8400,11028,43,119,31,1215,2,204,30,2
"1031","2020-05-16",26,12,10,98,903,0.741971207087486,8400,11028,43,119,18,1233,1,205,18,1
"1032","2020-05-17",27,12,8,97,903,0.741971207087486,8400,11028,43,119,11,1244,NA,NA,11,NA
"1033","2020-05-18",31,12,9,98,903,0.741971207087486,8400,11028,43,119,13,1257,1,206,12,1
"1034","2020-05-19",32,12,10,98,903,0.741971207087486,8400,11028,43,119,16,1273,NA,NA,15,NA
"1035","2020-05-20",34,12,13,101,903,0.741971207087486,8400,11028,43,119,15,1288,2,208,14,2
"1036","2020-05-21",33,12,16,102,903,0.741971207087486,8400,11028,43,119,19,1307,2,210,19,2
"1037","2020-05-22",34,12,21,98,903,0.741971207087486,8400,11028,43,119,14,1321,1,211,14,1
"1038","2020-05-23",32,12,20,96,903,0.741971207087486,8400,11028,43,119,9,1330,NA,NA,9,NA
"1039","2020-05-24",36,12,20,94,903,0.741971207087486,8400,11028,43,119,8,1338,NA,NA,8,NA
"1040","2020-05-25",34,12,20,94,903,0.741971207087486,8400,11028,43,119,23,1361,NA,NA,22,NA
"1041","2020-05-26",35,12,24,90,903,0.741971207087486,8400,11028,43,119,13,1374,1,212,12,1
"1042","2020-05-27",32,12,32,87,903,0.741971207087486,8400,11028,43,119,19,1393,NA,NA,19,NA
"1043","2020-05-28",31,12,37,84,903,0.741971207087486,8400,11028,43,119,21,1414,2,214,21,2
"1044","2020-05-29",37,12,40,79,903,0.741971207087486,8400,11028,43,119,19,1433,1,215,19,1
"1045","2020-05-30",38,12,37,72,903,0.741971207087486,8400,11028,43,119,15,1448,NA,NA,13,NA
"1046","2020-05-31",31,12,27,68,903,0.741971207087486,8400,11028,43,119,15,1463,3,218,14,3
"1047","2020-06-01",30,12,29,70,903,0.741971207087486,8400,11028,43,119,16,1479,NA,NA,16,NA
"1048","2020-06-02",28,12,32,70,903,0.741971207087486,8400,11028,43,119,18,1497,NA,NA,18,NA
"1049","2020-06-03",27,12,30,69,903,0.741971207087486,8400,11028,43,119,6,1503,NA,NA,6,NA
"1050","2020-06-04",30,12,25,69,903,0.741971207087486,8400,11028,43,119,19,1522,NA,NA,19,NA
"1051","2020-06-05",29,12,23,65,903,0.741971207087486,8400,11028,43,119,17,1539,NA,NA,16,NA
"1052","2020-06-06",27,12,21,59,903,0.741971207087486,8400,11028,43,119,19,1558,NA,NA,19,NA
"1053","2020-06-07",21,12,25,56,903,0.741971207087486,8400,11028,43,119,12,1570,NA,NA,12,NA
"1054","2020-03-13",1,13,20,8,5259,0.984978132724853,8370,30878,208,134,7,17,NA,NA,NA,NA
"1055","2020-03-14",1,13,32,11,5259,0.984978132724853,8370,30878,208,134,3,20,3,7,NA,3
"1056","2020-03-15",0,13,0,0,5259,0.984978132724853,8370,30878,208,134,5,25,9,16,4,9
"1057","2020-03-16",0,13,0,0,5259,0.984978132724853,8370,30878,208,134,9,34,5,21,4,5
"1058","2020-03-17",1,13,34,27,5259,0.984978132724853,8370,30878,208,134,10,44,4,25,5,4
"1059","2020-03-18",2,13,37,33,5259,0.984978132724853,8370,30878,208,134,3,47,8,33,2,8
"1060","2020-03-19",5,13,37,39,5259,0.984978132724853,8370,30878,208,134,8,55,1,34,4,1
"1061","2020-03-20",5,13,35,51,5259,0.984978132724853,8370,30878,208,134,6,61,NA,NA,4,NA
"1062","2020-03-21",9,13,31,58,5259,0.984978132724853,8370,30878,208,134,13,74,2,36,10,2
"1063","2020-03-22",14,13,30,74,5259,0.984978132724853,8370,30878,208,134,4,78,1,37,3,1
"1064","2020-03-23",16,13,30,93,5259,0.984978132724853,8370,30878,208,134,6,84,3,40,4,3
"1065","2020-03-24",21,13,29,106,5259,0.984978132724853,8370,30878,208,134,9,93,4,44,7,4
"1066","2020-03-25",24,13,36,117,5259,0.984978132724853,8370,30878,208,134,10,103,3,47,8,3
"1067","2020-03-26",26,13,44,130,5259,0.984978132724853,8370,30878,208,134,21,124,5,52,16,5
"1068","2020-03-27",31,13,48,148,5259,0.984978132724853,8370,30878,208,134,15,139,7,59,12,7
"1069","2020-03-28",33,13,48,163,5259,0.984978132724853,8370,30878,208,134,10,149,2,61,6,2
"1070","2020-03-29",37,13,53,184,5259,0.984978132724853,8370,30878,208,134,15,164,3,64,13,3
"1071","2020-03-30",43,13,58,203,5259,0.984978132724853,8370,30878,208,134,18,182,5,69,17,5
"1072","2020-03-31",41,13,69,215,5259,0.984978132724853,8370,30878,208,134,19,201,5,74,17,5
"1073","2020-04-01",48,13,70,240,5259,0.984978132724853,8370,30878,208,134,23,224,4,78,23,4
"1074","2020-04-02",58,13,80,266,5259,0.984978132724853,8370,30878,208,134,29,253,2,80,25,2
"1075","2020-04-03",67,13,88,293,5259,0.984978132724853,8370,30878,208,134,18,271,3,83,17,3
"1076","2020-04-04",94,13,84,331,5259,0.984978132724853,8370,30878,208,134,21,292,1,84,20,1
"1077","2020-04-05",101,13,67,359,5259,0.984978132724853,8370,30878,208,134,25,317,2,86,25,2
"1078","2020-04-06",94,13,58,382,5259,0.984978132724853,8370,30878,208,134,15,332,1,87,15,1
"1079","2020-04-07",98,13,53,424,5259,0.984978132724853,8370,30878,208,134,23,355,NA,NA,21,NA
"1080","2020-04-08",102,13,48,481,5259,0.984978132724853,8370,30878,208,134,29,384,2,89,28,2
"1081","2020-04-09",106,13,44,533,5259,0.984978132724853,8370,30878,208,134,25,409,6,95,25,6
"1082","2020-04-10",120,13,38,572,5259,0.984978132724853,8370,30878,208,134,20,429,4,99,13,4
"1083","2020-04-11",167,13,36,612,5259,0.984978132724853,8370,30878,208,134,22,451,7,106,21,7
"1084","2020-04-12",171,13,37,661,5259,0.984978132724853,8370,30878,208,134,28,479,3,109,28,3
"1085","2020-04-13",177,13,41,687,5259,0.984978132724853,8370,30878,208,134,31,510,6,115,30,6
"1086","2020-04-14",190,13,44,772,5259,0.984978132724853,8370,30878,208,134,21,531,4,119,21,4
"1087","2020-04-15",209,13,39,810,5259,0.984978132724853,8370,30878,208,134,17,548,6,125,17,6
"1088","2020-04-16",216,13,45,855,5259,0.984978132724853,8370,30878,208,134,28,576,5,130,27,5
"1089","2020-04-17",300,13,43,925,5259,0.984978132724853,8370,30878,208,134,26,602,5,135,26,5
"1090","2020-04-18",302,13,51,995,5259,0.984978132724853,8370,30878,208,134,30,632,6,141,28,6
"1091","2020-04-19",307,13,42,1071,5259,0.984978132724853,8370,30878,208,134,27,659,8,149,26,8
"1092","2020-04-20",311,13,41,1128,5259,0.984978132724853,8370,30878,208,134,28,687,7,156,28,7
"1093","2020-04-21",326,13,38,1159,5259,0.984978132724853,8370,30878,208,134,22,709,3,159,21,3
"1094","2020-04-22",325,13,38,1224,5259,0.984978132724853,8370,30878,208,134,17,726,7,166,16,7
"1095","2020-04-23",335,13,36,1264,5259,0.984978132724853,8370,30878,208,134,32,758,5,171,30,5
"1096","2020-04-24",405,13,38,1327,5259,0.984978132724853,8370,30878,208,134,19,777,3,174,18,3
"1097","2020-04-25",447,13,48,1364,5259,0.984978132724853,8370,30878,208,134,25,802,4,178,24,4
"1098","2020-04-26",414,13,51,1439,5259,0.984978132724853,8370,30878,208,134,20,822,4,182,18,4
"1099","2020-04-27",403,13,55,1448,5259,0.984978132724853,8370,30878,208,134,20,842,1,183,20,1
"1100","2020-04-28",419,13,47,1475,5259,0.984978132724853,8370,30878,208,134,19,861,2,185,19,2
"1101","2020-04-29",445,13,45,1511,5259,0.984978132724853,8370,30878,208,134,30,891,1,186,28,1
"1102","2020-04-30",466,13,49,1572,5259,0.984978132724853,8370,30878,208,134,37,928,1,187,32,1
"1103","2020-05-01",520,13,52,1542,5259,0.984978132724853,8370,30878,208,134,24,952,1,188,24,1
"1104","2020-05-02",524,13,49,1550,5259,0.984978132724853,8370,30878,208,134,25,977,2,190,25,2
"1105","2020-05-03",496,13,51,1552,5259,0.984978132724853,8370,30878,208,134,27,1004,NA,NA,26,NA
"1106","2020-05-04",509,13,48,1518,5259,0.984978132724853,8370,30878,208,134,39,1043,2,192,35,2
"1107","2020-05-05",507,13,51,1501,5259,0.984978132724853,8370,30878,208,134,32,1075,NA,NA,31,NA
"1108","2020-05-06",513,13,49,1468,5259,0.984978132724853,8370,30878,208,134,27,1102,NA,NA,27,NA
"1109","2020-05-07",504,13,47,1396,5259,0.984978132724853,8370,30878,208,134,28,1130,4,196,28,4
"1110","2020-05-08",506,13,49,1334,5259,0.984978132724853,8370,30878,208,134,19,1149,2,198,18,2
"1111","2020-05-09",517,13,45,1271,5259,0.984978132724853,8370,30878,208,134,24,1173,1,199,24,1
"1112","2020-05-10",494,13,46,1225,5259,0.984978132724853,8370,30878,208,134,28,1201,1,200,27,1
"1113","2020-05-11",462,13,47,1158,5259,0.984978132724853,8370,30878,208,134,31,1232,NA,NA,30,NA
"1114","2020-05-12",431,13,48,1085,5259,0.984978132724853,8370,30878,208,134,36,1268,3,203,35,3
"1115","2020-05-13",410,13,49,1005,5259,0.984978132724853,8370,30878,208,134,18,1286,3,206,17,3
"1116","2020-05-14",392,13,47,937,5259,0.984978132724853,8370,30878,208,134,33,1319,5,211,31,5
"1117","2020-05-15",372,13,44,888,5259,0.984978132724853,8370,30878,208,134,30,1349,3,214,30,3
"1118","2020-05-16",318,13,38,816,5259,0.984978132724853,8370,30878,208,134,33,1382,6,220,32,6
"1119","2020-05-17",290,13,29,758,5259,0.984978132724853,8370,30878,208,134,20,1402,4,224,20,4
"1120","2020-05-18",273,13,25,701,5259,0.984978132724853,8370,30878,208,134,36,1438,4,228,33,4
"1121","2020-05-19",264,13,23,649,5259,0.984978132724853,8370,30878,208,134,29,1467,3,231,27,3
"1122","2020-05-20",244,13,24,606,5259,0.984978132724853,8370,30878,208,134,34,1501,3,234,34,3
"1123","2020-05-21",232,13,22,554,5259,0.984978132724853,8370,30878,208,134,33,1534,7,241,33,7
"1124","2020-05-22",194,13,21,502,5259,0.984978132724853,8370,30878,208,134,37,1571,6,247,35,6
"1125","2020-05-23",193,13,23,476,5259,0.984978132724853,8370,30878,208,134,30,1601,1,248,30,1
"1126","2020-05-24",174,13,24,435,5259,0.984978132724853,8370,30878,208,134,37,1638,4,252,36,4
"1127","2020-05-25",168,13,22,414,5259,0.984978132724853,8370,30878,208,134,37,1675,2,254,36,2
"1128","2020-05-26",160,13,19,366,5259,0.984978132724853,8370,30878,208,134,18,1693,2,256,18,2
"1129","2020-05-27",148,13,16,344,5259,0.984978132724853,8370,30878,208,134,28,1721,2,258,27,2
"1130","2020-05-28",140,13,14,319,5259,0.984978132724853,8370,30878,208,134,33,1754,10,268,32,10
"1131","2020-05-29",131,13,14,290,5259,0.984978132724853,8370,30878,208,134,26,1780,3,271,24,3
"1132","2020-05-30",117,13,10,269,5259,0.984978132724853,8370,30878,208,134,36,1816,4,275,35,4
"1133","2020-05-31",99,13,9,243,5259,0.984978132724853,8370,30878,208,134,24,1840,9,284,24,9
"1134","2020-06-01",91,13,8,214,5259,0.984978132724853,8370,30878,208,134,31,1871,2,286,29,2
"1135","2020-06-02",90,13,8,186,5259,0.984978132724853,8370,30878,208,134,24,1895,3,289,23,3
"1136","2020-06-03",90,13,10,163,5259,0.984978132724853,8370,30878,208,134,24,1919,5,294,23,5
"1137","2020-06-04",83,13,12,144,5259,0.984978132724853,8370,30878,208,134,29,1948,5,299,28,5
"1138","2020-06-05",64,13,11,131,5259,0.984978132724853,8370,30878,208,134,20,1968,2,301,20,2
"1139","2020-06-06",61,13,10,107,5259,0.984978132724853,8370,30878,208,134,23,1991,2,303,22,2
"1140","2020-06-07",63,13,12,83,5259,0.984978132724853,8370,30878,208,134,23,2014,2,305,22,2
"1141","2020-03-14",2,14,33,22,4458,0.984970838941229,8295,28903,239,166,8,26,14,33,7,14
"1142","2020-03-15",2,14,39,35,4458,0.984970838941229,8295,28903,239,166,7,33,8,41,5,8
"1143","2020-03-16",2,14,32,44,4458,0.984970838941229,8295,28903,239,166,6,39,17,58,6,17
"1144","2020-03-17",3,14,38,55,4458,0.984970838941229,8295,28903,239,166,10,49,16,74,9,16
"1145","2020-03-18",6,14,52,65,4458,0.984970838941229,8295,28903,239,166,7,56,6,80,5,6
"1146","2020-03-19",11,14,45,76,4458,0.984970838941229,8295,28903,239,166,16,72,14,94,10,14
"1147","2020-03-20",14,14,49,91,4458,0.984970838941229,8295,28903,239,166,13,85,13,107,10,13
"1148","2020-03-21",18,14,45,105,4458,0.984970838941229,8295,28903,239,166,13,98,13,120,12,13
"1149","2020-03-22",30,14,49,122,4458,0.984970838941229,8295,28903,239,166,19,117,11,131,15,11
"1150","2020-03-23",34,14,50,136,4458,0.984970838941229,8295,28903,239,166,16,133,9,140,14,9
"1151","2020-03-24",34,14,49,167,4458,0.984970838941229,8295,28903,239,166,22,155,7,147,19,7
"1152","2020-03-25",40,14,55,189,4458,0.984970838941229,8295,28903,239,166,28,183,2,149,27,2
"1153","2020-03-26",37,14,48,204,4458,0.984970838941229,8295,28903,239,166,17,200,2,151,17,2
"1154","2020-03-27",47,14,54,214,4458,0.984970838941229,8295,28903,239,166,19,219,4,155,17,4
"1155","2020-03-28",53,14,51,247,4458,0.984970838941229,8295,28903,239,166,17,236,3,158,17,3
"1156","2020-03-29",55,14,61,276,4458,0.984970838941229,8295,28903,239,166,19,255,8,166,17,8
"1157","2020-03-30",65,14,56,307,4458,0.984970838941229,8295,28903,239,166,24,279,NA,NA,23,NA
"1158","2020-03-31",74,14,62,340,4458,0.984970838941229,8295,28903,239,166,26,305,3,169,22,3
"1159","2020-04-01",73,14,49,386,4458,0.984970838941229,8295,28903,239,166,23,328,13,182,20,13
"1160","2020-04-02",81,14,43,426,4458,0.984970838941229,8295,28903,239,166,25,353,7,189,24,7
"1161","2020-04-03",105,14,42,457,4458,0.984970838941229,8295,28903,239,166,26,379,3,192,25,3
"1162","2020-04-04",132,14,40,497,4458,0.984970838941229,8295,28903,239,166,26,405,2,194,22,2
"1163","2020-04-05",153,14,39,506,4458,0.984970838941229,8295,28903,239,166,25,430,NA,NA,24,NA
"1164","2020-04-06",148,14,40,553,4458,0.984970838941229,8295,28903,239,166,15,445,1,195,15,1
"1165","2020-04-07",149,14,46,575,4458,0.984970838941229,8295,28903,239,166,21,466,4,199,18,4
"1166","2020-04-08",166,14,57,608,4458,0.984970838941229,8295,28903,239,166,23,489,4,203,22,4
"1167","2020-04-09",178,14,60,663,4458,0.984970838941229,8295,28903,239,166,32,521,5,208,28,5
"1168","2020-04-10",212,14,53,694,4458,0.984970838941229,8295,28903,239,166,24,545,9,217,22,9
"1169","2020-04-11",246,14,53,727,4458,0.984970838941229,8295,28903,239,166,29,574,4,221,28,4
"1170","2020-04-12",229,14,50,763,4458,0.984970838941229,8295,28903,239,166,16,590,7,228,15,7
"1171","2020-04-13",228,14,44,785,4458,0.984970838941229,8295,28903,239,166,26,616,1,229,25,1
"1172","2020-04-14",227,14,41,811,4458,0.984970838941229,8295,28903,239,166,21,637,7,236,19,7
"1173","2020-04-15",242,14,44,861,4458,0.984970838941229,8295,28903,239,166,23,660,9,245,23,9
"1174","2020-04-16",250,14,42,895,4458,0.984970838941229,8295,28903,239,166,26,686,5,250,24,5
"1175","2020-04-17",282,14,44,941,4458,0.984970838941229,8295,28903,239,166,27,713,3,253,26,3
"1176","2020-04-18",302,14,45,958,4458,0.984970838941229,8295,28903,239,166,22,735,2,255,21,2
"1177","2020-04-19",300,14,47,1003,4458,0.984970838941229,8295,28903,239,166,30,765,5,260,28,5
"1178","2020-04-20",295,14,40,986,4458,0.984970838941229,8295,28903,239,166,15,780,3,263,14,3
"1179","2020-04-21",313,14,39,1009,4458,0.984970838941229,8295,28903,239,166,17,797,12,275,17,12
"1180","2020-04-22",321,14,35,1019,4458,0.984970838941229,8295,28903,239,166,26,823,5,280,23,5
"1181","2020-04-23",329,14,31,1036,4458,0.984970838941229,8295,28903,239,166,13,836,3,283,12,3
"1182","2020-04-24",378,14,24,1052,4458,0.984970838941229,8295,28903,239,166,19,855,3,286,18,3
"1183","2020-04-25",351,14,27,1100,4458,0.984970838941229,8295,28903,239,166,25,880,1,287,25,1
"1184","2020-04-26",352,14,25,1087,4458,0.984970838941229,8295,28903,239,166,21,901,1,288,21,1
"1185","2020-04-27",364,14,22,1078,4458,0.984970838941229,8295,28903,239,166,17,918,1,289,17,1
"1186","2020-04-28",360,14,18,1071,4458,0.984970838941229,8295,28903,239,166,15,933,NA,NA,15,NA
"1187","2020-04-29",352,14,18,1080,4458,0.984970838941229,8295,28903,239,166,21,954,1,290,19,1
"1188","2020-04-30",358,14,17,1082,4458,0.984970838941229,8295,28903,239,166,7,961,2,292,7,2
"1189","2020-05-01",361,14,18,1059,4458,0.984970838941229,8295,28903,239,166,14,975,2,294,14,2
"1190","2020-05-02",385,14,17,1025,4458,0.984970838941229,8295,28903,239,166,13,988,4,298,13,4
"1191","2020-05-03",370,14,18,997,4458,0.984970838941229,8295,28903,239,166,14,1002,6,304,14,6
"1192","2020-05-04",350,14,16,984,4458,0.984970838941229,8295,28903,239,166,16,1018,3,307,16,3
"1193","2020-05-05",348,14,15,955,4458,0.984970838941229,8295,28903,239,166,10,1028,1,308,10,1
"1194","2020-05-06",335,14,11,937,4458,0.984970838941229,8295,28903,239,166,18,1046,4,312,18,4
"1195","2020-05-07",331,14,9,892,4458,0.984970838941229,8295,28903,239,166,24,1070,3,315,22,3
"1196","2020-05-08",343,14,10,872,4458,0.984970838941229,8295,28903,239,166,19,1089,1,316,18,1
"1197","2020-05-09",345,14,11,848,4458,0.984970838941229,8295,28903,239,166,21,1110,1,317,19,1
"1198","2020-05-10",302,14,13,810,4458,0.984970838941229,8295,28903,239,166,15,1125,2,319,15,2
"1199","2020-05-11",299,14,15,779,4458,0.984970838941229,8295,28903,239,166,27,1152,2,321,24,2
"1200","2020-05-12",292,14,14,733,4458,0.984970838941229,8295,28903,239,166,19,1171,1,322,19,1
"1201","2020-05-13",294,14,19,695,4458,0.984970838941229,8295,28903,239,166,13,1184,NA,NA,13,NA
"1202","2020-05-14",280,14,20,665,4458,0.984970838941229,8295,28903,239,166,14,1198,NA,NA,14,NA
"1203","2020-05-15",262,14,15,621,4458,0.984970838941229,8295,28903,239,166,15,1213,NA,NA,15,NA
"1204","2020-05-16",250,14,13,598,4458,0.984970838941229,8295,28903,239,166,14,1227,NA,NA,14,NA
"1205","2020-05-17",241,14,13,561,4458,0.984970838941229,8295,28903,239,166,16,1243,NA,NA,15,NA
"1206","2020-05-18",230,14,11,502,4458,0.984970838941229,8295,28903,239,166,16,1259,NA,NA,16,NA
"1207","2020-05-19",212,14,13,477,4458,0.984970838941229,8295,28903,239,166,12,1271,NA,NA,12,NA
"1208","2020-05-20",198,14,13,444,4458,0.984970838941229,8295,28903,239,166,10,1281,1,323,10,1
"1209","2020-05-21",185,14,13,432,4458,0.984970838941229,8295,28903,239,166,15,1296,4,327,13,4
"1210","2020-05-22",158,14,14,410,4458,0.984970838941229,8295,28903,239,166,10,1306,NA,NA,10,NA
"1211","2020-05-23",133,14,15,368,4458,0.984970838941229,8295,28903,239,166,16,1322,NA,NA,14,NA
"1212","2020-05-24",134,14,12,348,4458,0.984970838941229,8295,28903,239,166,14,1336,NA,NA,13,NA
"1213","2020-05-25",127,14,13,332,4458,0.984970838941229,8295,28903,239,166,9,1345,2,329,9,2
"1214","2020-05-26",113,14,15,314,4458,0.984970838941229,8295,28903,239,166,9,1354,1,330,9,1
"1215","2020-05-27",113,14,12,294,4458,0.984970838941229,8295,28903,239,166,8,1362,NA,NA,7,NA
"1216","2020-05-28",118,14,12,267,4458,0.984970838941229,8295,28903,239,166,13,1375,NA,NA,11,NA
"1217","2020-05-29",115,14,10,248,4458,0.984970838941229,8295,28903,239,166,8,1383,1,331,8,1
"1218","2020-05-30",112,14,10,232,4458,0.984970838941229,8295,28903,239,166,9,1392,1,332,9,1
"1219","2020-05-31",98,14,8,214,4458,0.984970838941229,8295,28903,239,166,10,1402,NA,NA,8,NA
"1220","2020-06-01",93,14,8,186,4458,0.984970838941229,8295,28903,239,166,4,1406,NA,NA,4,NA
"1221","2020-06-02",90,14,10,165,4458,0.984970838941229,8295,28903,239,166,6,1412,NA,NA,6,NA
"1222","2020-06-03",79,14,12,153,4458,0.984970838941229,8295,28903,239,166,9,1421,NA,NA,8,NA
"1223","2020-06-04",76,14,14,139,4458,0.984970838941229,8295,28903,239,166,7,1428,NA,NA,7,NA
"1224","2020-06-05",71,14,16,124,4458,0.984970838941229,8295,28903,239,166,7,1435,NA,NA,5,NA
"1225","2020-06-06",68,14,17,116,4458,0.984970838941229,8295,28903,239,166,3,1438,NA,NA,3,NA
"1226","2020-06-07",57,14,14,106,4458,0.984970838941229,8295,28903,239,166,15,1453,NA,NA,14,NA
"1227","2020-03-14",6,15,60,57,1065,0.757746478873239,8205,12427,66,186,6,31,1,10,1,1
"1228","2020-03-15",9,15,66,78,1065,0.757746478873239,8205,12427,66,186,10,41,4,14,3,4
"1229","2020-03-16",13,15,58,102,1065,0.757746478873239,8205,12427,66,186,10,51,4,18,2,4
"1230","2020-03-17",16,15,68,130,1065,0.757746478873239,8205,12427,66,186,4,55,6,24,2,6
"1231","2020-03-18",20,15,73,154,1065,0.757746478873239,8205,12427,66,186,11,66,4,28,5,4
"1232","2020-03-19",24,15,81,165,1065,0.757746478873239,8205,12427,66,186,9,75,6,34,6,6
"1233","2020-03-20",36,15,76,181,1065,0.757746478873239,8205,12427,66,186,7,82,4,38,3,4
"1234","2020-03-21",43,15,73,192,1065,0.757746478873239,8205,12427,66,186,13,95,NA,NA,8,NA
"1235","2020-03-22",55,15,64,206,1065,0.757746478873239,8205,12427,66,186,8,103,4,42,6,4
"1236","2020-03-23",54,15,52,217,1065,0.757746478873239,8205,12427,66,186,13,116,5,47,7,5
"1237","2020-03-24",58,15,68,224,1065,0.757746478873239,8205,12427,66,186,7,123,NA,NA,5,NA
"1238","2020-03-25",63,15,55,219,1065,0.757746478873239,8205,12427,66,186,16,139,2,49,10,2
"1239","2020-03-26",72,15,53,237,1065,0.757746478873239,8205,12427,66,186,15,154,3,52,8,3
"1240","2020-03-27",74,15,60,239,1065,0.757746478873239,8205,12427,66,186,12,166,3,55,6,3
"1241","2020-03-28",76,15,56,235,1065,0.757746478873239,8205,12427,66,186,13,179,2,57,8,2
"1242","2020-03-29",76,15,40,228,1065,0.757746478873239,8205,12427,66,186,11,190,4,61,7,4
"1243","2020-03-30",78,15,44,230,1065,0.757746478873239,8205,12427,66,186,17,207,1,62,13,1
"1244","2020-03-31",76,15,41,231,1065,0.757746478873239,8205,12427,66,186,13,220,2,64,9,2
"1245","2020-04-01",77,15,40,228,1065,0.757746478873239,8205,12427,66,186,15,235,1,65,10,1
"1246","2020-04-02",71,15,39,219,1065,0.757746478873239,8205,12427,66,186,12,247,7,72,7,7
"1247","2020-04-03",80,15,40,209,1065,0.757746478873239,8205,12427,66,186,13,260,3,75,9,3
"1248","2020-04-04",84,15,49,214,1065,0.757746478873239,8205,12427,66,186,9,269,3,78,7,3
"1249","2020-04-05",87,15,51,208,1065,0.757746478873239,8205,12427,66,186,12,281,5,83,8,5
"1250","2020-04-06",85,15,57,202,1065,0.757746478873239,8205,12427,66,186,14,295,3,86,11,3
"1251","2020-04-07",82,15,50,208,1065,0.757746478873239,8205,12427,66,186,10,305,2,88,5,2
"1252","2020-04-08",81,15,47,209,1065,0.757746478873239,8205,12427,66,186,13,318,4,92,10,4
"1253","2020-04-09",79,15,39,208,1065,0.757746478873239,8205,12427,66,186,5,323,4,96,3,4
"1254","2020-04-10",71,15,32,202,1065,0.757746478873239,8205,12427,66,186,17,340,1,97,14,1
"1255","2020-04-11",70,15,33,195,1065,0.757746478873239,8205,12427,66,186,7,347,2,99,5,2
"1256","2020-04-12",63,15,32,210,1065,0.757746478873239,8205,12427,66,186,13,360,1,100,11,1
"1257","2020-04-13",62,15,33,206,1065,0.757746478873239,8205,12427,66,186,18,378,NA,NA,15,NA
"1258","2020-04-14",62,15,33,202,1065,0.757746478873239,8205,12427,66,186,7,385,2,102,5,2
"1259","2020-04-15",59,15,32,190,1065,0.757746478873239,8205,12427,66,186,10,395,NA,NA,8,NA
"1260","2020-04-16",58,15,30,180,1065,0.757746478873239,8205,12427,66,186,9,404,NA,NA,6,NA
"1261","2020-04-17",59,15,32,177,1065,0.757746478873239,8205,12427,66,186,11,415,2,104,8,2
"1262","2020-04-18",58,15,32,171,1065,0.757746478873239,8205,12427,66,186,14,429,3,107,11,3
"1263","2020-04-19",57,15,29,167,1065,0.757746478873239,8205,12427,66,186,8,437,1,108,7,1
"1264","2020-04-20",55,15,23,159,1065,0.757746478873239,8205,12427,66,186,13,450,5,113,10,5
"1265","2020-04-21",54,15,16,148,1065,0.757746478873239,8205,12427,66,186,11,461,1,114,6,1
"1266","2020-04-22",60,15,14,152,1065,0.757746478873239,8205,12427,66,186,16,477,1,115,13,1
"1267","2020-04-23",60,15,12,141,1065,0.757746478873239,8205,12427,66,186,9,486,3,118,9,3
"1268","2020-04-24",59,15,10,140,1065,0.757746478873239,8205,12427,66,186,9,495,NA,NA,8,NA
"1269","2020-04-25",57,15,6,127,1065,0.757746478873239,8205,12427,66,186,5,500,1,119,4,1
"1270","2020-04-26",48,15,2,122,1065,0.757746478873239,8205,12427,66,186,12,512,NA,NA,9,NA
"1271","2020-04-27",45,15,4,110,1065,0.757746478873239,8205,12427,66,186,10,522,1,120,7,1
"1272","2020-04-28",41,15,4,96,1065,0.757746478873239,8205,12427,66,186,11,533,NA,NA,11,NA
"1273","2020-04-29",34,15,2,96,1065,0.757746478873239,8205,12427,66,186,11,544,1,121,6,1
"1274","2020-04-30",34,15,3,89,1065,0.757746478873239,8205,12427,66,186,10,554,NA,NA,8,NA
"1275","2020-05-01",33,15,9,85,1065,0.757746478873239,8205,12427,66,186,13,567,1,122,10,1
"1276","2020-05-02",38,15,14,83,1065,0.757746478873239,8205,12427,66,186,8,575,2,124,5,2
"1277","2020-05-03",37,15,17,75,1065,0.757746478873239,8205,12427,66,186,10,585,NA,NA,9,NA
"1278","2020-05-04",29,15,23,75,1065,0.757746478873239,8205,12427,66,186,10,595,2,126,6,2
"1279","2020-05-05",30,15,30,72,1065,0.757746478873239,8205,12427,66,186,7,602,3,129,6,3
"1280","2020-05-06",27,15,29,70,1065,0.757746478873239,8205,12427,66,186,6,608,NA,NA,5,NA
"1281","2020-05-07",27,15,33,65,1065,0.757746478873239,8205,12427,66,186,4,612,NA,NA,3,NA
"1282","2020-05-08",28,15,32,69,1065,0.757746478873239,8205,12427,66,186,5,617,NA,NA,4,NA
"1283","2020-05-09",22,15,29,72,1065,0.757746478873239,8205,12427,66,186,10,627,NA,NA,6,NA
"1284","2020-05-10",19,15,25,67,1065,0.757746478873239,8205,12427,66,186,4,631,NA,NA,2,NA
"1285","2020-05-11",21,15,26,76,1065,0.757746478873239,8205,12427,66,186,10,641,NA,NA,7,NA
"1286","2020-05-12",21,15,20,75,1065,0.757746478873239,8205,12427,66,186,8,649,1,130,7,1
"1287","2020-05-13",23,15,19,75,1065,0.757746478873239,8205,12427,66,186,11,660,1,131,8,1
"1288","2020-05-14",20,15,18,78,1065,0.757746478873239,8205,12427,66,186,6,666,NA,NA,3,NA
"1289","2020-05-15",18,15,15,73,1065,0.757746478873239,8205,12427,66,186,13,679,NA,NA,11,NA
"1290","2020-05-16",23,15,12,74,1065,0.757746478873239,8205,12427,66,186,4,683,1,132,3,1
"1291","2020-05-17",26,15,11,80,1065,0.757746478873239,8205,12427,66,186,9,692,3,135,8,3
"1292","2020-05-18",24,15,7,77,1065,0.757746478873239,8205,12427,66,186,10,702,2,137,10,2
"1293","2020-05-19",21,15,11,76,1065,0.757746478873239,8205,12427,66,186,5,707,NA,NA,3,NA
"1294","2020-05-20",18,15,6,74,1065,0.757746478873239,8205,12427,66,186,6,713,3,140,4,3
"1295","2020-05-21",21,15,7,76,1065,0.757746478873239,8205,12427,66,186,5,718,2,142,4,2
"1296","2020-05-22",26,15,6,81,1065,0.757746478873239,8205,12427,66,186,3,721,3,145,1,3
"1297","2020-05-23",25,15,8,83,1065,0.757746478873239,8205,12427,66,186,8,729,2,147,4,2
"1298","2020-05-24",25,15,11,81,1065,0.757746478873239,8205,12427,66,186,3,732,1,148,3,1
"1299","2020-05-25",23,15,13,82,1065,0.757746478873239,8205,12427,66,186,12,744,1,149,9,1
"1300","2020-05-26",21,15,11,79,1065,0.757746478873239,8205,12427,66,186,6,750,NA,NA,2,NA
"1301","2020-05-27",28,15,10,84,1065,0.757746478873239,8205,12427,66,186,7,757,NA,NA,4,NA
"1302","2020-05-28",27,15,11,76,1065,0.757746478873239,8205,12427,66,186,5,762,NA,NA,3,NA
"1303","2020-05-29",30,15,8,71,1065,0.757746478873239,8205,12427,66,186,5,767,NA,NA,4,NA
"1304","2020-05-30",30,15,6,65,1065,0.757746478873239,8205,12427,66,186,3,770,NA,NA,2,NA
"1305","2020-05-31",30,15,4,67,1065,0.757746478873239,8205,12427,66,186,5,775,NA,NA,5,NA
"1306","2020-06-01",31,15,3,68,1065,0.757746478873239,8205,12427,66,186,9,784,NA,NA,5,NA
"1307","2020-06-02",33,15,2,66,1065,0.757746478873239,8205,12427,66,186,8,792,NA,NA,5,NA
"1308","2020-06-03",26,15,1,60,1065,0.757746478873239,8205,12427,66,186,3,795,NA,NA,2,NA
"1309","2020-06-04",23,15,2,53,1065,0.757746478873239,8205,12427,66,186,3,798,NA,NA,1,NA
"1310","2020-06-05",18,15,2,51,1065,0.757746478873239,8205,12427,66,186,6,804,NA,NA,4,NA
"1311","2020-06-06",21,15,5,45,1065,0.757746478873239,8205,12427,66,186,NA,NA,NA,NA,NA,NA
"1312","2020-06-07",16,15,5,38,1065,0.757746478873239,8205,12427,66,186,5,809,NA,NA,2,NA
"1313","2020-03-14",2,16,33,14,4782,0.98452530322041,8325,30817,280,239,8,27,8,23,3,8
"1314","2020-03-15",2,16,35,18,4782,0.98452530322041,8325,30817,280,239,6,33,7,30,3,7
"1315","2020-03-16",1,16,45,27,4782,0.98452530322041,8325,30817,280,239,9,42,8,38,5,8
"1316","2020-03-17",4,16,52,34,4782,0.98452530322041,8325,30817,280,239,8,50,15,53,5,15
"1317","2020-03-18",5,16,53,40,4782,0.98452530322041,8325,30817,280,239,7,57,9,62,7,9
"1318","2020-03-19",8,16,61,42,4782,0.98452530322041,8325,30817,280,239,13,70,10,72,9,10
"1319","2020-03-20",8,16,65,48,4782,0.98452530322041,8325,30817,280,239,8,78,13,85,8,13
"1320","2020-03-21",10,16,65,55,4782,0.98452530322041,8325,30817,280,239,12,90,6,91,8,6
"1321","2020-03-22",13,16,63,65,4782,0.98452530322041,8325,30817,280,239,22,112,9,100,12,9
"1322","2020-03-23",15,16,63,70,4782,0.98452530322041,8325,30817,280,239,12,124,9,109,6,9
"1323","2020-03-24",15,16,56,83,4782,0.98452530322041,8325,30817,280,239,14,138,11,120,10,11
"1324","2020-03-25",16,16,63,93,4782,0.98452530322041,8325,30817,280,239,22,160,7,127,17,7
"1325","2020-03-26",14,16,63,113,4782,0.98452530322041,8325,30817,280,239,19,179,21,148,14,21
"1326","2020-03-27",17,16,69,136,4782,0.98452530322041,8325,30817,280,239,19,198,16,164,18,16
"1327","2020-03-28",22,16,77,152,4782,0.98452530322041,8325,30817,280,239,18,216,10,174,18,10
"1328","2020-03-29",23,16,70,177,4782,0.98452530322041,8325,30817,280,239,13,229,13,187,11,13
"1329","2020-03-30",23,16,71,204,4782,0.98452530322041,8325,30817,280,239,19,248,11,198,14,11
"1330","2020-03-31",28,16,66,224,4782,0.98452530322041,8325,30817,280,239,24,272,10,208,21,10
"1331","2020-04-01",41,16,65,239,4782,0.98452530322041,8325,30817,280,239,21,293,11,219,19,11
"1332","2020-04-02",51,16,57,281,4782,0.98452530322041,8325,30817,280,239,16,309,12,231,15,12
"1333","2020-04-03",70,16,60,309,4782,0.98452530322041,8325,30817,280,239,22,331,13,244,19,13
"1334","2020-04-04",91,16,48,331,4782,0.98452530322041,8325,30817,280,239,36,367,20,264,31,20
"1335","2020-04-05",93,16,45,358,4782,0.98452530322041,8325,30817,280,239,14,381,25,289,14,25
"1336","2020-04-06",95,16,40,403,4782,0.98452530322041,8325,30817,280,239,28,409,15,304,27,15
"1337","2020-04-07",99,16,44,408,4782,0.98452530322041,8325,30817,280,239,25,434,14,318,23,14
"1338","2020-04-08",96,16,46,442,4782,0.98452530322041,8325,30817,280,239,22,456,17,335,21,17
"1339","2020-04-09",104,16,39,461,4782,0.98452530322041,8325,30817,280,239,27,483,19,354,24,19
"1340","2020-04-10",118,16,37,469,4782,0.98452530322041,8325,30817,280,239,27,510,15,369,24,15
"1341","2020-04-11",119,16,32,513,4782,0.98452530322041,8325,30817,280,239,22,532,19,388,19,19
"1342","2020-04-12",145,16,30,562,4782,0.98452530322041,8325,30817,280,239,29,561,20,408,29,20
"1343","2020-04-13",156,16,26,614,4782,0.98452530322041,8325,30817,280,239,16,577,12,420,15,12
"1344","2020-04-14",160,16,29,649,4782,0.98452530322041,8325,30817,280,239,19,596,15,435,19,15
"1345","2020-04-15",176,16,30,677,4782,0.98452530322041,8325,30817,280,239,24,620,7,442,22,7
"1346","2020-04-16",181,16,37,714,4782,0.98452530322041,8325,30817,280,239,31,651,12,454,31,12
"1347","2020-04-17",210,16,37,752,4782,0.98452530322041,8325,30817,280,239,13,664,8,462,12,8
"1348","2020-04-18",256,16,40,775,4782,0.98452530322041,8325,30817,280,239,22,686,8,470,21,8
"1349","2020-04-19",248,16,42,810,4782,0.98452530322041,8325,30817,280,239,19,705,14,484,19,14
"1350","2020-04-20",238,16,48,842,4782,0.98452530322041,8325,30817,280,239,25,730,10,494,24,10
"1351","2020-04-21",235,16,59,868,4782,0.98452530322041,8325,30817,280,239,18,748,17,511,17,17
"1352","2020-04-22",242,16,58,906,4782,0.98452530322041,8325,30817,280,239,27,775,12,523,25,12
"1353","2020-04-23",255,16,55,934,4782,0.98452530322041,8325,30817,280,239,25,800,13,536,22,13
"1354","2020-04-24",298,16,62,990,4782,0.98452530322041,8325,30817,280,239,21,821,8,544,19,8
"1355","2020-04-25",297,16,55,1016,4782,0.98452530322041,8325,30817,280,239,25,846,13,557,23,13
"1356","2020-04-26",326,16,59,1073,4782,0.98452530322041,8325,30817,280,239,19,865,10,567,19,10
"1357","2020-04-27",321,16,60,1089,4782,0.98452530322041,8325,30817,280,239,25,890,15,582,22,15
"1358","2020-04-28",332,16,60,1131,4782,0.98452530322041,8325,30817,280,239,26,916,6,588,25,6
"1359","2020-04-29",331,16,65,1137,4782,0.98452530322041,8325,30817,280,239,36,952,3,591,34,3
"1360","2020-04-30",336,16,67,1156,4782,0.98452530322041,8325,30817,280,239,24,976,11,602,24,11
"1361","2020-05-01",413,16,68,1172,4782,0.98452530322041,8325,30817,280,239,21,997,9,611,19,9
"1362","2020-05-02",403,16,72,1188,4782,0.98452530322041,8325,30817,280,239,24,1021,5,616,22,5
"1363","2020-05-03",349,16,65,1209,4782,0.98452530322041,8325,30817,280,239,13,1034,2,618,12,2
"1364","2020-05-04",371,16,71,1207,4782,0.98452530322041,8325,30817,280,239,14,1048,3,621,14,3
"1365","2020-05-05",369,16,71,1196,4782,0.98452530322041,8325,30817,280,239,29,1077,5,626,28,5
"1366","2020-05-06",384,16,66,1183,4782,0.98452530322041,8325,30817,280,239,13,1090,5,631,13,5
"1367","2020-05-07",380,16,71,1162,4782,0.98452530322041,8325,30817,280,239,15,1105,2,633,13,2
"1368","2020-05-08",379,16,78,1163,4782,0.98452530322041,8325,30817,280,239,21,1126,2,635,20,2
"1369","2020-05-09",395,16,69,1133,4782,0.98452530322041,8325,30817,280,239,17,1143,3,638,13,3
"1370","2020-05-10",383,16,63,1111,4782,0.98452530322041,8325,30817,280,239,12,1155,4,642,11,4
"1371","2020-05-11",370,16,66,1087,4782,0.98452530322041,8325,30817,280,239,24,1179,1,643,21,1
"1372","2020-05-12",352,16,67,1058,4782,0.98452530322041,8325,30817,280,239,11,1190,3,646,8,3
"1373","2020-05-13",345,16,73,1030,4782,0.98452530322041,8325,30817,280,239,13,1203,3,649,11,3
"1374","2020-05-14",351,16,67,989,4782,0.98452530322041,8325,30817,280,239,18,1221,3,652,18,3
"1375","2020-05-15",382,16,70,941,4782,0.98452530322041,8325,30817,280,239,24,1245,6,658,21,6
"1376","2020-05-16",373,16,75,893,4782,0.98452530322041,8325,30817,280,239,16,1261,9,667,15,9
"1377","2020-05-17",322,16,71,856,4782,0.98452530322041,8325,30817,280,239,17,1278,5,672,17,5
"1378","2020-05-18",300,16,66,799,4782,0.98452530322041,8325,30817,280,239,11,1289,4,676,10,4
"1379","2020-05-19",302,16,66,743,4782,0.98452530322041,8325,30817,280,239,22,1311,3,679,21,3
"1380","2020-05-20",290,16,58,692,4782,0.98452530322041,8325,30817,280,239,16,1327,1,680,16,1
"1381","2020-05-21",273,16,64,640,4782,0.98452530322041,8325,30817,280,239,13,1340,4,684,13,4
"1382","2020-05-22",245,16,62,592,4782,0.98452530322041,8325,30817,280,239,13,1353,1,685,12,1
"1383","2020-05-23",242,16,52,557,4782,0.98452530322041,8325,30817,280,239,10,1363,1,686,9,1
"1384","2020-05-24",229,16,52,498,4782,0.98452530322041,8325,30817,280,239,11,1374,1,687,9,1
"1385","2020-05-25",210,16,54,466,4782,0.98452530322041,8325,30817,280,239,11,1385,2,689,9,2
"1386","2020-05-26",187,16,52,450,4782,0.98452530322041,8325,30817,280,239,5,1390,5,694,5,5
"1387","2020-05-27",172,16,48,403,4782,0.98452530322041,8325,30817,280,239,7,1397,4,698,7,4
"1388","2020-05-28",156,16,41,371,4782,0.98452530322041,8325,30817,280,239,11,1408,5,703,9,5
"1389","2020-05-29",134,16,42,360,4782,0.98452530322041,8325,30817,280,239,12,1420,2,705,12,2
"1390","2020-05-30",116,16,34,337,4782,0.98452530322041,8325,30817,280,239,14,1434,4,709,14,4
"1391","2020-05-31",101,16,33,326,4782,0.98452530322041,8325,30817,280,239,6,1440,4,713,5,4
"1392","2020-06-01",97,16,32,306,4782,0.98452530322041,8325,30817,280,239,9,1449,2,715,9,2
"1393","2020-06-02",95,16,34,298,4782,0.98452530322041,8325,30817,280,239,3,1452,3,718,2,3
"1394","2020-06-03",96,16,34,278,4782,0.98452530322041,8325,30817,280,239,8,1460,1,719,6,1
"1395","2020-06-04",95,16,32,268,4782,0.98452530322041,8325,30817,280,239,3,1463,5,724,3,5
"1396","2020-06-05",92,16,29,247,4782,0.98452530322041,8325,30817,280,239,8,1471,7,731,7,7
"1397","2020-06-06",103,16,30,219,4782,0.98452530322041,8325,30817,280,239,6,1477,4,735,5,4
"1398","2020-06-07",85,16,30,212,4782,0.98452530322041,8325,30817,280,239,5,1482,6,741,5,6
"1399","2020-03-17",5,17,61,42,1969,0.931437277805993,8415,18375,117,176,12,55,3,24,12,3
"1400","2020-03-18",6,17,53,55,1969,0.931437277805993,8415,18375,117,176,9,64,4,28,9,4
"1401","2020-03-19",11,17,51,64,1969,0.931437277805993,8415,18375,117,176,11,75,6,34,11,6
"1402","2020-03-20",14,17,42,66,1969,0.931437277805993,8415,18375,117,176,23,98,6,40,21,6
"1403","2020-03-21",19,17,37,72,1969,0.931437277805993,8415,18375,117,176,22,120,4,44,22,4
"1404","2020-03-22",21,17,27,82,1969,0.931437277805993,8415,18375,117,176,29,149,8,52,28,8
"1405","2020-03-23",23,17,29,95,1969,0.931437277805993,8415,18375,117,176,29,178,9,61,27,9
"1406","2020-03-24",23,17,32,103,1969,0.931437277805993,8415,18375,117,176,40,218,9,70,40,9
"1407","2020-03-25",26,17,25,115,1969,0.931437277805993,8415,18375,117,176,31,249,12,82,30,12
"1408","2020-03-26",24,17,24,131,1969,0.931437277805993,8415,18375,117,176,49,298,3,85,47,3
"1409","2020-03-27",33,17,22,148,1969,0.931437277805993,8415,18375,117,176,49,347,16,101,49,16
"1410","2020-03-28",37,17,13,155,1969,0.931437277805993,8415,18375,117,176,47,394,5,106,47,5
"1411","2020-03-29",37,17,16,169,1969,0.931437277805993,8415,18375,117,176,63,457,11,117,63,11
"1412","2020-03-30",42,17,19,178,1969,0.931437277805993,8415,18375,117,176,59,516,7,124,59,7
"1413","2020-03-31",46,17,22,182,1969,0.931437277805993,8415,18375,117,176,67,583,10,134,67,10
"1414","2020-04-01",54,17,27,196,1969,0.931437277805993,8415,18375,117,176,96,679,2,136,96,2
"1415","2020-04-02",54,17,23,203,1969,0.931437277805993,8415,18375,117,176,78,757,13,149,78,13
"1416","2020-04-03",62,17,23,209,1969,0.931437277805993,8415,18375,117,176,101,858,9,158,100,9
"1417","2020-04-04",69,17,21,219,1969,0.931437277805993,8415,18375,117,176,98,956,9,167,97,9
"1418","2020-04-05",71,17,16,225,1969,0.931437277805993,8415,18375,117,176,87,1043,12,179,87,12
"1419","2020-04-06",66,17,14,229,1969,0.931437277805993,8415,18375,117,176,104,1147,6,185,103,6
"1420","2020-04-07",61,17,20,239,1969,0.931437277805993,8415,18375,117,176,120,1267,6,191,120,6
"1421","2020-04-08",55,17,21,240,1969,0.931437277805993,8415,18375,117,176,137,1404,4,195,136,4
"1422","2020-04-09",60,17,24,256,1969,0.931437277805993,8415,18375,117,176,119,1523,4,199,118,4
"1423","2020-04-10",69,17,23,270,1969,0.931437277805993,8415,18375,117,176,157,1680,5,204,156,5
"1424","2020-04-11",73,17,26,274,1969,0.931437277805993,8415,18375,117,176,146,1826,3,207,145,3
"1425","2020-04-12",79,17,26,284,1969,0.931437277805993,8415,18375,117,176,148,1974,1,208,148,1
"1426","2020-04-13",76,17,31,292,1969,0.931437277805993,8415,18375,117,176,107,2081,5,213,107,5
"1427","2020-04-14",83,17,30,285,1969,0.931437277805993,8415,18375,117,176,167,2248,NA,NA,166,NA
"1428","2020-04-15",84,17,36,294,1969,0.931437277805993,8415,18375,117,176,154,2402,5,218,154,5
"1429","2020-04-16",94,17,36,304,1969,0.931437277805993,8415,18375,117,176,153,2555,2,220,153,2
"1430","2020-04-17",104,17,34,296,1969,0.931437277805993,8415,18375,117,176,105,2660,NA,NA,105,NA
"1431","2020-04-18",107,17,32,298,1969,0.931437277805993,8415,18375,117,176,128,2788,3,223,128,3
"1432","2020-04-19",97,17,29,295,1969,0.931437277805993,8415,18375,117,176,160,2948,4,227,160,4
"1433","2020-04-20",100,17,25,294,1969,0.931437277805993,8415,18375,117,176,151,3099,4,231,151,4
"1434","2020-04-21",90,17,23,297,1969,0.931437277805993,8415,18375,117,176,148,3247,NA,NA,147,NA
"1435","2020-04-22",98,17,18,292,1969,0.931437277805993,8415,18375,117,176,134,3381,3,234,133,3
"1436","2020-04-23",86,17,22,287,1969,0.931437277805993,8415,18375,117,176,164,3545,NA,NA,164,NA
"1437","2020-04-24",88,17,19,286,1969,0.931437277805993,8415,18375,117,176,118,3663,NA,NA,118,NA
"1438","2020-04-25",90,17,16,290,1969,0.931437277805993,8415,18375,117,176,133,3796,1,235,133,1
"1439","2020-04-26",96,17,13,293,1969,0.931437277805993,8415,18375,117,176,132,3928,3,238,132,3
"1440","2020-04-27",95,17,14,295,1969,0.931437277805993,8415,18375,117,176,132,4060,NA,NA,132,NA
"1441","2020-04-28",99,17,15,290,1969,0.931437277805993,8415,18375,117,176,129,4189,1,239,128,1
"1442","2020-04-29",93,17,18,284,1969,0.931437277805993,8415,18375,117,176,104,4293,5,244,104,5
"1443","2020-04-30",100,17,20,293,1969,0.931437277805993,8415,18375,117,176,110,4403,3,247,110,3
"1444","2020-05-01",109,17,21,296,1969,0.931437277805993,8415,18375,117,176,97,4500,4,251,97,4
"1445","2020-05-02",108,17,18,290,1969,0.931437277805993,8415,18375,117,176,80,4580,2,253,80,2
"1446","2020-05-03",101,17,18,289,1969,0.931437277805993,8415,18375,117,176,80,4660,NA,NA,80,NA
"1447","2020-05-04",95,17,21,284,1969,0.931437277805993,8415,18375,117,176,87,4747,1,254,87,1
"1448","2020-05-05",87,17,18,282,1969,0.931437277805993,8415,18375,117,176,78,4825,1,255,78,1
"1449","2020-05-06",97,17,17,282,1969,0.931437277805993,8415,18375,117,176,75,4900,1,256,75,1
"1450","2020-05-07",95,17,20,299,1969,0.931437277805993,8415,18375,117,176,53,4953,1,257,53,1
"1451","2020-05-08",96,17,20,295,1969,0.931437277805993,8415,18375,117,176,50,5003,2,259,50,2
"1452","2020-05-09",107,17,20,294,1969,0.931437277805993,8415,18375,117,176,45,5048,1,260,45,1
"1453","2020-05-10",106,17,17,300,1969,0.931437277805993,8415,18375,117,176,46,5094,NA,NA,46,NA
"1454","2020-05-11",104,17,15,310,1969,0.931437277805993,8415,18375,117,176,41,5135,NA,NA,41,NA
"1455","2020-05-12",111,17,11,319,1969,0.931437277805993,8415,18375,117,176,45,5180,NA,NA,45,NA
"1456","2020-05-13",101,17,16,324,1969,0.931437277805993,8415,18375,117,176,23,5203,NA,NA,23,NA
"1457","2020-05-14",106,17,20,320,1969,0.931437277805993,8415,18375,117,176,28,5231,NA,NA,28,NA
"1458","2020-05-15",112,17,19,319,1969,0.931437277805993,8415,18375,117,176,22,5253,NA,NA,22,NA
"1459","2020-05-16",108,17,20,329,1969,0.931437277805993,8415,18375,117,176,22,5275,NA,NA,22,NA
"1460","2020-05-17",108,17,18,324,1969,0.931437277805993,8415,18375,117,176,18,5293,NA,NA,18,NA
"1461","2020-05-18",120,17,20,330,1969,0.931437277805993,8415,18375,117,176,26,5319,NA,NA,26,NA
"1462","2020-05-19",115,17,23,336,1969,0.931437277805993,8415,18375,117,176,19,5338,NA,NA,19,NA
"1463","2020-05-20",113,17,20,331,1969,0.931437277805993,8415,18375,117,176,12,5350,NA,NA,12,NA
"1464","2020-05-21",110,17,22,322,1969,0.931437277805993,8415,18375,117,176,13,5363,NA,NA,13,NA
"1465","2020-05-22",126,17,26,314,1969,0.931437277805993,8415,18375,117,176,10,5373,NA,NA,10,NA
"1466","2020-05-23",132,17,39,308,1969,0.931437277805993,8415,18375,117,176,5,5378,NA,NA,5,NA
"1467","2020-05-24",121,17,38,298,1969,0.931437277805993,8415,18375,117,176,10,5388,NA,NA,10,NA
"1468","2020-05-25",114,17,37,289,1969,0.931437277805993,8415,18375,117,176,5,5393,NA,NA,5,NA
"1469","2020-05-26",109,17,36,276,1969,0.931437277805993,8415,18375,117,176,5,5398,NA,NA,5,NA
"1470","2020-05-27",114,17,33,259,1969,0.931437277805993,8415,18375,117,176,2,5400,NA,NA,2,NA
"1471","2020-05-28",115,17,29,261,1969,0.931437277805993,8415,18375,117,176,3,5403,NA,NA,3,NA
"1472","2020-05-29",109,17,32,249,1969,0.931437277805993,8415,18375,117,176,3,5406,NA,NA,3,NA
"1473","2020-05-30",99,17,28,233,1969,0.931437277805993,8415,18375,117,176,3,5409,NA,NA,3,NA
"1474","2020-05-31",81,17,21,230,1969,0.931437277805993,8415,18375,117,176,2,5411,NA,NA,2,NA
"1475","2020-06-01",75,17,16,225,1969,0.931437277805993,8415,18375,117,176,3,5414,NA,NA,3,NA
"1476","2020-06-02",71,17,15,209,1969,0.931437277805993,8415,18375,117,176,NA,NA,NA,NA,NA,NA
"1477","2020-06-03",67,17,15,191,1969,0.931437277805993,8415,18375,117,176,NA,NA,NA,NA,NA,NA
"1478","2020-06-04",60,17,16,191,1969,0.931437277805993,8415,18375,117,176,2,5416,NA,NA,2,NA
"1479","2020-06-05",63,17,12,185,1969,0.931437277805993,8415,18375,117,176,1,5417,NA,NA,1,NA
"1480","2020-06-06",64,17,13,175,1969,0.931437277805993,8415,18375,117,176,NA,NA,NA,NA,NA,NA
"1481","2020-06-07",67,17,10,177,1969,0.931437277805993,8415,18375,117,176,1,5418,NA,NA,1,NA
"1482","2020-03-12",1,18,19,6,4219,0.979141976771747,8355,28897,241,132,5,7,1,5,NA,1
"1483","2020-03-13",4,18,21,11,4219,0.979141976771747,8355,28897,241,132,NA,NA,6,11,NA,6
"1484","2020-03-14",4,18,30,12,4219,0.979141976771747,8355,28897,241,132,4,11,1,12,1,1
"1485","2020-03-15",4,18,40,23,4219,0.979141976771747,8355,28897,241,132,3,14,2,14,NA,2
"1486","2020-03-16",4,18,63,25,4219,0.979141976771747,8355,28897,241,132,NA,NA,NA,NA,NA,NA
"1487","2020-03-17",5,18,63,33,4219,0.979141976771747,8355,28897,241,132,7,21,NA,NA,5,NA
"1488","2020-03-18",7,18,56,36,4219,0.979141976771747,8355,28897,241,132,4,25,3,17,3,3
"1489","2020-03-19",6,18,67,46,4219,0.979141976771747,8355,28897,241,132,4,29,3,20,1,3
"1490","2020-03-20",6,18,76,62,4219,0.979141976771747,8355,28897,241,132,2,31,NA,NA,2,NA
"1491","2020-03-21",12,18,77,67,4219,0.979141976771747,8355,28897,241,132,2,33,NA,NA,2,NA
"1492","2020-03-22",15,18,77,89,4219,0.979141976771747,8355,28897,241,132,8,41,12,32,8,12
"1493","2020-03-23",17,18,82,106,4219,0.979141976771747,8355,28897,241,132,5,46,6,38,4,6
"1494","2020-03-24",18,18,83,111,4219,0.979141976771747,8355,28897,241,132,5,51,8,46,5,8
"1495","2020-03-25",19,18,85,123,4219,0.979141976771747,8355,28897,241,132,7,58,3,49,5,3
"1496","2020-03-26",19,18,78,137,4219,0.979141976771747,8355,28897,241,132,7,65,7,56,6,7
"1497","2020-03-27",25,18,80,155,4219,0.979141976771747,8355,28897,241,132,7,72,1,57,7,1
"1498","2020-03-28",30,18,73,175,4219,0.979141976771747,8355,28897,241,132,12,84,3,60,12,3
"1499","2020-03-29",32,18,65,193,4219,0.979141976771747,8355,28897,241,132,10,94,2,62,10,2
"1500","2020-03-30",36,18,53,201,4219,0.979141976771747,8355,28897,241,132,10,104,4,66,10,4
"1501","2020-03-31",40,18,65,226,4219,0.979141976771747,8355,28897,241,132,13,117,7,73,13,7
"1502","2020-04-01",44,18,75,258,4219,0.979141976771747,8355,28897,241,132,16,133,5,78,14,5
"1503","2020-04-02",56,18,73,296,4219,0.979141976771747,8355,28897,241,132,25,158,6,84,23,6
"1504","2020-04-03",67,18,81,318,4219,0.979141976771747,8355,28897,241,132,24,182,8,92,24,8
"1505","2020-04-04",85,18,78,341,4219,0.979141976771747,8355,28897,241,132,24,206,7,99,23,7
"1506","2020-04-05",92,18,70,382,4219,0.979141976771747,8355,28897,241,132,20,226,7,106,19,7
"1507","2020-04-06",91,18,65,425,4219,0.979141976771747,8355,28897,241,132,30,256,4,110,30,4
"1508","2020-04-07",100,18,65,456,4219,0.979141976771747,8355,28897,241,132,23,279,12,122,22,12
"1509","2020-04-08",109,18,55,488,4219,0.979141976771747,8355,28897,241,132,36,315,2,124,35,2
"1510","2020-04-09",111,18,52,523,4219,0.979141976771747,8355,28897,241,132,32,347,5,129,32,5
"1511","2020-04-10",136,18,39,546,4219,0.979141976771747,8355,28897,241,132,64,411,5,134,63,5
"1512","2020-04-11",162,18,30,580,4219,0.979141976771747,8355,28897,241,132,45,456,4,138,45,4
"1513","2020-04-12",178,18,25,614,4219,0.979141976771747,8355,28897,241,132,66,522,5,143,65,5
"1514","2020-04-13",183,18,29,632,4219,0.979141976771747,8355,28897,241,132,63,585,6,149,63,6
"1515","2020-04-14",195,18,29,667,4219,0.979141976771747,8355,28897,241,132,81,666,5,154,80,5
"1516","2020-04-15",208,18,38,694,4219,0.979141976771747,8355,28897,241,132,54,720,5,159,53,5
"1517","2020-04-16",227,18,40,723,4219,0.979141976771747,8355,28897,241,132,92,812,5,164,92,5
"1518","2020-04-17",250,18,39,759,4219,0.979141976771747,8355,28897,241,132,131,943,11,175,131,11
"1519","2020-04-18",232,18,38,800,4219,0.979141976771747,8355,28897,241,132,77,1020,8,183,77,8
"1520","2020-04-19",230,18,34,818,4219,0.979141976771747,8355,28897,241,132,106,1126,6,189,105,6
"1521","2020-04-20",234,18,28,822,4219,0.979141976771747,8355,28897,241,132,120,1246,4,193,120,4
"1522","2020-04-21",226,18,31,862,4219,0.979141976771747,8355,28897,241,132,150,1396,6,199,150,6
"1523","2020-04-22",228,18,29,875,4219,0.979141976771747,8355,28897,241,132,116,1512,8,207,116,8
"1524","2020-04-23",224,18,26,907,4219,0.979141976771747,8355,28897,241,132,190,1702,10,217,190,10
"1525","2020-04-24",241,18,26,913,4219,0.979141976771747,8355,28897,241,132,155,1857,9,226,155,9
"1526","2020-04-25",261,18,20,907,4219,0.979141976771747,8355,28897,241,132,177,2034,11,237,177,11
"1527","2020-04-26",302,18,22,911,4219,0.979141976771747,8355,28897,241,132,154,2188,9,246,154,9
"1528","2020-04-27",305,18,19,941,4219,0.979141976771747,8355,28897,241,132,143,2331,14,260,143,14
"1529","2020-04-28",298,18,16,963,4219,0.979141976771747,8355,28897,241,132,156,2487,9,269,156,9
"1530","2020-04-29",297,18,12,980,4219,0.979141976771747,8355,28897,241,132,170,2657,18,287,170,18
"1531","2020-04-30",309,18,10,993,4219,0.979141976771747,8355,28897,241,132,171,2828,15,302,171,15
"1532","2020-05-01",359,18,15,972,4219,0.979141976771747,8355,28897,241,132,167,2995,16,318,167,16
"1533","2020-05-02",350,18,11,978,4219,0.979141976771747,8355,28897,241,132,175,3170,19,337,175,19
"1534","2020-05-03",313,18,9,988,4219,0.979141976771747,8355,28897,241,132,120,3290,14,351,119,14
"1535","2020-05-04",319,18,11,981,4219,0.979141976771747,8355,28897,241,132,191,3481,18,369,190,18
"1536","2020-05-05",316,18,10,951,4219,0.979141976771747,8355,28897,241,132,157,3638,19,388,157,19
"1537","2020-05-06",319,18,12,935,4219,0.979141976771747,8355,28897,241,132,135,3773,14,402,135,14
"1538","2020-05-07",314,18,19,914,4219,0.979141976771747,8355,28897,241,132,141,3914,17,419,141,17
"1539","2020-05-08",327,18,15,922,4219,0.979141976771747,8355,28897,241,132,115,4029,15,434,115,15
"1540","2020-05-09",333,18,11,888,4219,0.979141976771747,8355,28897,241,132,133,4162,10,444,133,10
"1541","2020-05-10",309,18,10,855,4219,0.979141976771747,8355,28897,241,132,120,4282,11,455,120,11
"1542","2020-05-11",290,18,11,815,4219,0.979141976771747,8355,28897,241,132,100,4382,14,469,100,14
"1543","2020-05-12",285,18,10,769,4219,0.979141976771747,8355,28897,241,132,95,4477,11,480,95,11
"1544","2020-05-13",290,18,7,765,4219,0.979141976771747,8355,28897,241,132,87,4564,14,494,87,14
"1545","2020-05-14",281,18,7,728,4219,0.979141976771747,8355,28897,241,132,85,4649,19,513,85,19
"1546","2020-05-15",287,18,7,714,4219,0.979141976771747,8355,28897,241,132,72,4721,15,528,72,15
"1547","2020-05-16",278,18,9,677,4219,0.979141976771747,8355,28897,241,132,77,4798,6,534,77,6
"1548","2020-05-17",244,18,10,647,4219,0.979141976771747,8355,28897,241,132,70,4868,16,550,70,16
"1549","2020-05-18",248,18,11,607,4219,0.979141976771747,8355,28897,241,132,73,4941,9,559,72,9
"1550","2020-05-19",224,18,14,575,4219,0.979141976771747,8355,28897,241,132,57,4998,11,570,57,11
"1551","2020-05-20",203,18,9,527,4219,0.979141976771747,8355,28897,241,132,43,5041,12,582,43,12
"1552","2020-05-21",196,18,7,497,4219,0.979141976771747,8355,28897,241,132,61,5102,8,590,61,8
"1553","2020-05-22",174,18,7,447,4219,0.979141976771747,8355,28897,241,132,54,5156,8,598,54,8
"1554","2020-05-23",162,18,7,418,4219,0.979141976771747,8355,28897,241,132,33,5189,9,607,33,9
"1555","2020-05-24",143,18,6,392,4219,0.979141976771747,8355,28897,241,132,34,5223,7,614,34,7
"1556","2020-05-25",129,18,6,369,4219,0.979141976771747,8355,28897,241,132,38,5261,6,620,38,6
"1557","2020-05-26",122,18,5,345,4219,0.979141976771747,8355,28897,241,132,25,5286,5,625,25,5
"1558","2020-05-27",118,18,5,325,4219,0.979141976771747,8355,28897,241,132,17,5303,8,633,17,8
"1559","2020-05-28",106,18,5,309,4219,0.979141976771747,8355,28897,241,132,14,5317,7,640,14,7
"1560","2020-05-29",102,18,6,287,4219,0.979141976771747,8355,28897,241,132,19,5336,7,647,19,7
"1561","2020-05-30",108,18,4,273,4219,0.979141976771747,8355,28897,241,132,17,5353,9,656,17,9
"1562","2020-05-31",101,18,3,249,4219,0.979141976771747,8355,28897,241,132,22,5375,4,660,22,4
"1563","2020-06-01",93,18,3,237,4219,0.979141976771747,8355,28897,241,132,15,5390,7,667,15,7
"1564","2020-06-02",88,18,3,226,4219,0.979141976771747,8355,28897,241,132,18,5408,3,670,17,3
"1565","2020-06-03",80,18,3,219,4219,0.979141976771747,8355,28897,241,132,6,5414,6,676,6,6
"1566","2020-06-04",80,18,3,207,4219,0.979141976771747,8355,28897,241,132,13,5427,2,678,13,2
"1567","2020-06-05",68,18,3,186,4219,0.979141976771747,8355,28897,241,132,12,5439,2,680,12,2
"1568","2020-06-06",67,18,2,186,4219,0.979141976771747,8355,28897,241,132,10,5449,2,682,10,2
"1569","2020-06-07",64,18,2,189,4219,0.979141976771747,8355,28897,241,132,11,5460,2,684,11,2
"1570","2020-03-13",1,19,23,18,887,0.789177001127396,8370,11047,47,93,13,27,6,36,4,6
"1571","2020-03-14",4,19,29,22,887,0.789177001127396,8370,11047,47,93,6,33,9,45,NA,9
"1572","2020-03-15",6,19,37,33,887,0.789177001127396,8370,11047,47,93,7,40,3,48,5,3
"1573","2020-03-16",5,19,34,39,887,0.789177001127396,8370,11047,47,93,20,60,8,56,10,8
"1574","2020-03-17",5,19,36,47,887,0.789177001127396,8370,11047,47,93,20,80,9,65,15,9
"1575","2020-03-18",5,19,34,53,887,0.789177001127396,8370,11047,47,93,14,94,8,73,12,8
"1576","2020-03-19",10,19,33,58,887,0.789177001127396,8370,11047,47,93,28,122,19,92,22,19
"1577","2020-03-20",15,19,28,65,887,0.789177001127396,8370,11047,47,93,27,149,13,105,22,13
"1578","2020-03-21",18,19,27,70,887,0.789177001127396,8370,11047,47,93,26,175,5,110,21,5
"1579","2020-03-22",14,19,23,74,887,0.789177001127396,8370,11047,47,93,29,204,2,112,23,2
"1580","2020-03-23",18,19,29,81,887,0.789177001127396,8370,11047,47,93,30,234,6,118,28,6
"1581","2020-03-24",21,19,23,87,887,0.789177001127396,8370,11047,47,93,47,281,4,122,47,4
"1582","2020-03-25",23,19,23,94,887,0.789177001127396,8370,11047,47,93,42,323,11,133,37,11
"1583","2020-03-26",20,19,20,100,887,0.789177001127396,8370,11047,47,93,35,358,13,146,33,13
"1584","2020-03-27",23,19,26,102,887,0.789177001127396,8370,11047,47,93,61,419,8,154,59,8
"1585","2020-03-28",25,19,26,109,887,0.789177001127396,8370,11047,47,93,49,468,6,160,45,6
"1586","2020-03-29",28,19,35,103,887,0.789177001127396,8370,11047,47,93,58,526,12,172,51,12
"1587","2020-03-30",27,19,32,108,887,0.789177001127396,8370,11047,47,93,53,579,8,180,47,8
"1588","2020-03-31",26,19,33,109,887,0.789177001127396,8370,11047,47,93,62,641,17,197,59,17
"1589","2020-04-01",26,19,35,116,887,0.789177001127396,8370,11047,47,93,54,695,3,200,50,3
"1590","2020-04-02",34,19,36,123,887,0.789177001127396,8370,11047,47,93,73,768,6,206,71,6
"1591","2020-04-03",35,19,32,130,887,0.789177001127396,8370,11047,47,93,65,833,5,211,60,5
"1592","2020-04-04",36,19,22,131,887,0.789177001127396,8370,11047,47,93,71,904,18,229,69,18
"1593","2020-04-05",38,19,21,136,887,0.789177001127396,8370,11047,47,93,107,1011,3,232,105,3
"1594","2020-04-06",37,19,22,140,887,0.789177001127396,8370,11047,47,93,102,1113,4,236,101,4
"1595","2020-04-07",40,19,23,134,887,0.789177001127396,8370,11047,47,93,102,1215,7,243,102,7
"1596","2020-04-08",46,19,29,140,887,0.789177001127396,8370,11047,47,93,116,1331,4,247,115,4
"1597","2020-04-09",42,19,36,137,887,0.789177001127396,8370,11047,47,93,71,1402,7,254,69,7
"1598","2020-04-10",46,19,31,133,887,0.789177001127396,8370,11047,47,93,89,1491,7,261,88,7
"1599","2020-04-11",45,19,32,130,887,0.789177001127396,8370,11047,47,93,131,1622,9,270,131,9
"1600","2020-04-12",47,19,32,121,887,0.789177001127396,8370,11047,47,93,102,1724,7,277,100,7
"1601","2020-04-13",46,19,30,123,887,0.789177001127396,8370,11047,47,93,141,1865,11,288,141,11
"1602","2020-04-14",43,19,27,124,887,0.789177001127396,8370,11047,47,93,111,1976,4,292,111,4
"1603","2020-04-15",40,19,31,131,887,0.789177001127396,8370,11047,47,93,104,2080,6,298,104,6
"1604","2020-04-16",38,19,27,129,887,0.789177001127396,8370,11047,47,93,85,2165,4,302,84,4
"1605","2020-04-17",36,19,21,121,887,0.789177001127396,8370,11047,47,93,117,2282,2,304,116,2
"1606","2020-04-18",34,19,17,122,887,0.789177001127396,8370,11047,47,93,102,2384,10,314,102,10
"1607","2020-04-19",38,19,23,118,887,0.789177001127396,8370,11047,47,93,102,2486,6,320,101,6
"1608","2020-04-20",41,19,29,121,887,0.789177001127396,8370,11047,47,93,100,2586,1,321,100,1
"1609","2020-04-21",45,19,27,122,887,0.789177001127396,8370,11047,47,93,129,2715,1,322,128,1
"1610","2020-04-22",45,19,30,114,887,0.789177001127396,8370,11047,47,93,116,2831,6,328,116,6
"1611","2020-04-23",42,19,29,116,887,0.789177001127396,8370,11047,47,93,97,2928,7,335,97,7
"1612","2020-04-24",42,19,27,110,887,0.789177001127396,8370,11047,47,93,104,3032,6,341,104,6
"1613","2020-04-25",48,19,28,110,887,0.789177001127396,8370,11047,47,93,111,3143,4,345,109,4
"1614","2020-04-26",41,19,28,107,887,0.789177001127396,8370,11047,47,93,97,3240,5,350,97,5
"1615","2020-04-27",38,19,22,108,887,0.789177001127396,8370,11047,47,93,84,3324,7,357,84,7
"1616","2020-04-28",28,19,17,114,887,0.789177001127396,8370,11047,47,93,104,3428,6,363,104,6
"1617","2020-04-29",29,19,14,116,887,0.789177001127396,8370,11047,47,93,69,3497,5,368,69,5
"1618","2020-04-30",30,19,13,118,887,0.789177001127396,8370,11047,47,93,78,3575,6,374,77,6
"1619","2020-05-01",29,19,9,115,887,0.789177001127396,8370,11047,47,93,83,3658,9,383,83,9
"1620","2020-05-02",27,19,9,115,887,0.789177001127396,8370,11047,47,93,73,3731,3,386,72,3
"1621","2020-05-03",32,19,7,110,887,0.789177001127396,8370,11047,47,93,80,3811,7,393,80,7
"1622","2020-05-04",37,19,4,110,887,0.789177001127396,8370,11047,47,93,57,3868,9,402,55,9
"1623","2020-05-05",38,19,5,110,887,0.789177001127396,8370,11047,47,93,53,3921,6,408,53,6
"1624","2020-05-06",34,19,5,113,887,0.789177001127396,8370,11047,47,93,54,3975,3,411,54,3
"1625","2020-05-07",37,19,4,116,887,0.789177001127396,8370,11047,47,93,45,4020,3,414,45,3
"1626","2020-05-08",38,19,4,115,887,0.789177001127396,8370,11047,47,93,53,4073,1,415,53,1
"1627","2020-05-09",38,19,5,122,887,0.789177001127396,8370,11047,47,93,46,4119,3,418,46,3
"1628","2020-05-10",45,19,6,129,887,0.789177001127396,8370,11047,47,93,52,4171,2,420,51,2
"1629","2020-05-11",40,19,8,125,887,0.789177001127396,8370,11047,47,93,39,4210,5,425,39,5
"1630","2020-05-12",37,19,9,127,887,0.789177001127396,8370,11047,47,93,37,4247,3,428,36,3
"1631","2020-05-13",40,19,9,127,887,0.789177001127396,8370,11047,47,93,37,4284,5,433,36,5
"1632","2020-05-14",37,19,10,126,887,0.789177001127396,8370,11047,47,93,27,4311,3,436,27,3
"1633","2020-05-15",39,19,17,121,887,0.789177001127396,8370,11047,47,93,30,4341,3,439,29,3
"1634","2020-05-16",37,19,16,118,887,0.789177001127396,8370,11047,47,93,35,4376,4,443,33,4
"1635","2020-05-17",38,19,14,123,887,0.789177001127396,8370,11047,47,93,28,4404,2,445,28,2
"1636","2020-05-18",40,19,13,124,887,0.789177001127396,8370,11047,47,93,30,4434,3,448,30,3
"1637","2020-05-19",38,19,12,116,887,0.789177001127396,8370,11047,47,93,20,4454,2,450,20,2
"1638","2020-05-20",38,19,14,110,887,0.789177001127396,8370,11047,47,93,22,4476,1,451,22,1
"1639","2020-05-21",40,19,11,109,887,0.789177001127396,8370,11047,47,93,19,4495,2,453,16,2
"1640","2020-05-22",37,19,13,107,887,0.789177001127396,8370,11047,47,93,22,4517,2,455,22,2
"1641","2020-05-23",35,19,14,101,887,0.789177001127396,8370,11047,47,93,19,4536,2,457,18,2
"1642","2020-05-24",32,19,12,98,887,0.789177001127396,8370,11047,47,93,12,4548,1,458,12,1
"1643","2020-05-25",29,19,9,99,887,0.789177001127396,8370,11047,47,93,13,4561,2,460,13,2
"1644","2020-05-26",27,19,8,89,887,0.789177001127396,8370,11047,47,93,10,4571,3,463,10,3
"1645","2020-05-27",28,19,8,92,887,0.789177001127396,8370,11047,47,93,16,4587,3,466,15,3
"1646","2020-05-28",28,19,9,89,887,0.789177001127396,8370,11047,47,93,4,4591,2,468,4,2
"1647","2020-05-29",29,19,6,93,887,0.789177001127396,8370,11047,47,93,10,4601,3,471,10,3
"1648","2020-05-30",37,19,4,97,887,0.789177001127396,8370,11047,47,93,7,4608,2,473,6,2
"1649","2020-05-31",34,19,3,92,887,0.789177001127396,8370,11047,47,93,15,4623,2,475,14,2
"1650","2020-06-01",32,19,3,99,887,0.789177001127396,8370,11047,47,93,3,4626,1,476,2,1
"1651","2020-06-02",28,19,2,97,887,0.789177001127396,8370,11047,47,93,4,4630,NA,NA,4,NA
"1652","2020-06-03",26,19,1,104,887,0.789177001127396,8370,11047,47,93,3,4633,NA,NA,3,NA
"1653","2020-06-04",28,19,2,104,887,0.789177001127396,8370,11047,47,93,5,4638,NA,NA,5,NA
"1654","2020-06-05",35,19,1,93,887,0.789177001127396,8370,11047,47,93,4,4642,NA,NA,3,NA
"1655","2020-06-06",31,19,3,94,887,0.789177001127396,8370,11047,47,93,10,4652,NA,NA,10,NA
"1656","2020-06-07",31,19,5,88,887,0.789177001127396,8370,11047,47,93,7,4659,NA,NA,5,NA
"1657","2020-03-08",1,20,0,0,4549,0.991866344251484,8295,29502,287,118,NA,NA,NA,NA,NA,NA
"1658","2020-03-09",1,20,0,0,4549,0.991866344251484,8295,29502,287,118,NA,NA,NA,NA,NA,NA
"1659","2020-03-10",0,20,0,0,4549,0.991866344251484,8295,29502,287,118,NA,NA,NA,NA,NA,NA
"1660","2020-03-11",0,20,0,0,4549,0.991866344251484,8295,29502,287,118,NA,NA,NA,NA,NA,NA
"1661","2020-03-12",0,20,0,0,4549,0.991866344251484,8295,29502,287,118,1,1,5,5,NA,5
"1662","2020-03-13",0,20,0,0,4549,0.991866344251484,8295,29502,287,118,7,8,10,15,NA,10
"1663","2020-03-14",0,20,0,0,4549,0.991866344251484,8295,29502,287,118,3,11,10,25,NA,10
"1664","2020-03-15",0,20,0,0,4549,0.991866344251484,8295,29502,287,118,3,14,6,31,2,6
"1665","2020-03-16",0,20,0,0,4549,0.991866344251484,8295,29502,287,118,7,21,8,39,4,8
"1666","2020-03-17",1,20,37,23,4549,0.991866344251484,8295,29502,287,118,6,27,8,47,2,8
"1667","2020-03-18",4,20,46,27,4549,0.991866344251484,8295,29502,287,118,6,33,6,53,4,6
"1668","2020-03-19",4,20,43,34,4549,0.991866344251484,8295,29502,287,118,6,39,9,62,5,9
"1669","2020-03-20",8,20,43,36,4549,0.991866344251484,8295,29502,287,118,13,52,4,66,12,4
"1670","2020-03-21",9,20,54,44,4549,0.991866344251484,8295,29502,287,118,8,60,5,71,7,5
"1671","2020-03-22",8,20,50,60,4549,0.991866344251484,8295,29502,287,118,17,77,8,79,14,8
"1672","2020-03-23",10,20,52,68,4549,0.991866344251484,8295,29502,287,118,21,98,4,83,20,4
"1673","2020-03-24",15,20,45,84,4549,0.991866344251484,8295,29502,287,118,17,115,9,92,16,9
"1674","2020-03-25",13,20,41,99,4549,0.991866344251484,8295,29502,287,118,17,132,12,104,14,12
"1675","2020-03-26",14,20,51,111,4549,0.991866344251484,8295,29502,287,118,17,149,14,118,16,14
"1676","2020-03-27",14,20,56,129,4549,0.991866344251484,8295,29502,287,118,26,175,13,131,25,13
"1677","2020-03-28",19,20,47,142,4549,0.991866344251484,8295,29502,287,118,21,196,9,140,20,9
"1678","2020-03-29",29,20,52,156,4549,0.991866344251484,8295,29502,287,118,27,223,12,152,25,12
"1679","2020-03-30",32,20,36,181,4549,0.991866344251484,8295,29502,287,118,27,250,11,163,26,11
"1680","2020-03-31",31,20,32,197,4549,0.991866344251484,8295,29502,287,118,24,274,15,178,23,15
"1681","2020-04-01",41,20,30,221,4549,0.991866344251484,8295,29502,287,118,36,310,11,189,35,11
"1682","2020-04-02",52,20,29,248,4549,0.991866344251484,8295,29502,287,118,38,348,18,207,36,18
"1683","2020-04-03",65,20,37,279,4549,0.991866344251484,8295,29502,287,118,45,393,21,228,42,21
"1684","2020-04-04",74,20,39,299,4549,0.991866344251484,8295,29502,287,118,55,448,15,243,54,15
"1685","2020-04-05",76,20,38,309,4549,0.991866344251484,8295,29502,287,118,52,500,11,254,51,11
"1686","2020-04-06",81,20,37,334,4549,0.991866344251484,8295,29502,287,118,46,546,12,266,45,12
"1687","2020-04-07",89,20,41,372,4549,0.991866344251484,8295,29502,287,118,63,609,7,273,63,7
"1688","2020-04-08",93,20,45,400,4549,0.991866344251484,8295,29502,287,118,81,690,9,282,79,9
"1689","2020-04-09",93,20,37,423,4549,0.991866344251484,8295,29502,287,118,78,768,6,288,75,6
"1690","2020-04-10",112,20,35,446,4549,0.991866344251484,8295,29502,287,118,67,835,6,294,67,6
"1691","2020-04-11",112,20,28,482,4549,0.991866344251484,8295,29502,287,118,86,921,8,302,85,8
"1692","2020-04-12",131,20,24,500,4549,0.991866344251484,8295,29502,287,118,81,1002,8,310,81,8
"1693","2020-04-13",138,20,22,534,4549,0.991866344251484,8295,29502,287,118,66,1068,9,319,66,9
"1694","2020-04-14",146,20,29,564,4549,0.991866344251484,8295,29502,287,118,128,1196,13,332,128,13
"1695","2020-04-15",147,20,28,596,4549,0.991866344251484,8295,29502,287,118,87,1283,10,342,87,10
"1696","2020-04-16",158,20,29,616,4549,0.991866344251484,8295,29502,287,118,105,1388,12,354,104,12
"1697","2020-04-17",178,20,23,661,4549,0.991866344251484,8295,29502,287,118,122,1510,7,361,121,7
"1698","2020-04-18",211,20,17,713,4549,0.991866344251484,8295,29502,287,118,126,1636,10,371,126,10
"1699","2020-04-19",233,20,17,720,4549,0.991866344251484,8295,29502,287,118,142,1778,6,377,140,6
"1700","2020-04-20",239,20,10,747,4549,0.991866344251484,8295,29502,287,118,130,1908,11,388,130,11
"1701","2020-04-21",234,20,13,778,4549,0.991866344251484,8295,29502,287,118,129,2037,4,392,129,4
"1702","2020-04-22",245,20,12,792,4549,0.991866344251484,8295,29502,287,118,140,2177,4,396,140,4
"1703","2020-04-23",260,20,12,840,4549,0.991866344251484,8295,29502,287,118,138,2315,8,404,137,8
"1704","2020-04-24",304,20,15,865,4549,0.991866344251484,8295,29502,287,118,150,2465,7,411,149,7
"1705","2020-04-25",296,20,15,877,4549,0.991866344251484,8295,29502,287,118,147,2612,14,425,147,14
"1706","2020-04-26",277,20,17,895,4549,0.991866344251484,8295,29502,287,118,173,2785,12,437,172,12
"1707","2020-04-27",273,20,19,921,4549,0.991866344251484,8295,29502,287,118,126,2911,10,447,125,10
"1708","2020-04-28",278,20,13,927,4549,0.991866344251484,8295,29502,287,118,152,3063,8,455,151,8
"1709","2020-04-29",287,20,15,935,4549,0.991866344251484,8295,29502,287,118,140,3203,3,458,140,3
"1710","2020-04-30",279,20,20,975,4549,0.991866344251484,8295,29502,287,118,187,3390,12,470,186,12
"1711","2020-05-01",316,20,20,976,4549,0.991866344251484,8295,29502,287,118,116,3506,9,479,116,9
"1712","2020-05-02",346,20,26,992,4549,0.991866344251484,8295,29502,287,118,129,3635,5,484,129,5
"1713","2020-05-03",323,20,24,1013,4549,0.991866344251484,8295,29502,287,118,140,3775,10,494,139,10
"1714","2020-05-04",319,20,19,1014,4549,0.991866344251484,8295,29502,287,118,125,3900,4,498,124,4
"1715","2020-05-05",313,20,21,987,4549,0.991866344251484,8295,29502,287,118,105,4005,12,510,105,12
"1716","2020-05-06",319,20,16,989,4549,0.991866344251484,8295,29502,287,118,117,4122,11,521,117,11
"1717","2020-05-07",332,20,13,987,4549,0.991866344251484,8295,29502,287,118,82,4204,6,527,82,6
"1718","2020-05-08",361,20,8,961,4549,0.991866344251484,8295,29502,287,118,85,4289,13,540,85,13
"1719","2020-05-09",347,20,7,967,4549,0.991866344251484,8295,29502,287,118,81,4370,8,548,81,8
"1720","2020-05-10",329,20,5,973,4549,0.991866344251484,8295,29502,287,118,85,4455,10,558,85,10
"1721","2020-05-11",331,20,5,972,4549,0.991866344251484,8295,29502,287,118,67,4522,12,570,66,12
"1722","2020-05-12",340,20,4,978,4549,0.991866344251484,8295,29502,287,118,87,4609,7,577,85,7
"1723","2020-05-13",332,20,4,960,4549,0.991866344251484,8295,29502,287,118,59,4668,7,584,59,7
"1724","2020-05-14",315,20,2,919,4549,0.991866344251484,8295,29502,287,118,49,4717,7,591,49,7
"1725","2020-05-15",317,20,2,914,4549,0.991866344251484,8295,29502,287,118,53,4770,7,598,53,7
"1726","2020-05-16",314,20,1,882,4549,0.991866344251484,8295,29502,287,118,45,4815,4,602,45,4
"1727","2020-05-17",316,20,1,879,4549,0.991866344251484,8295,29502,287,118,47,4862,3,605,47,3
"1728","2020-05-18",318,20,2,853,4549,0.991866344251484,8295,29502,287,118,52,4914,1,606,52,1
"1729","2020-05-19",299,20,2,846,4549,0.991866344251484,8295,29502,287,118,50,4964,2,608,49,2
"1730","2020-05-20",300,20,3,785,4549,0.991866344251484,8295,29502,287,118,31,4995,6,614,31,6
"1731","2020-05-21",303,20,3,757,4549,0.991866344251484,8295,29502,287,118,28,5023,3,617,28,3
"1732","2020-05-22",299,20,4,723,4549,0.991866344251484,8295,29502,287,118,22,5045,3,620,22,3
"1733","2020-05-23",307,20,3,694,4549,0.991866344251484,8295,29502,287,118,26,5071,4,624,26,4
"1734","2020-05-24",274,20,2,675,4549,0.991866344251484,8295,29502,287,118,28,5099,4,628,28,4
"1735","2020-05-25",249,20,5,650,4549,0.991866344251484,8295,29502,287,118,31,5130,4,632,29,4
"1736","2020-05-26",238,20,7,628,4549,0.991866344251484,8295,29502,287,118,21,5151,1,633,21,1
"1737","2020-05-27",231,20,7,607,4549,0.991866344251484,8295,29502,287,118,16,5167,1,634,16,1
"1738","2020-05-28",230,20,9,566,4549,0.991866344251484,8295,29502,287,118,12,5179,1,635,12,1
"1739","2020-05-29",226,20,7,538,4549,0.991866344251484,8295,29502,287,118,16,5195,1,636,16,1
"1740","2020-05-30",220,20,5,497,4549,0.991866344251484,8295,29502,287,118,11,5206,NA,NA,11,NA
"1741","2020-05-31",202,20,4,452,4549,0.991866344251484,8295,29502,287,118,15,5221,1,637,15,1
"1742","2020-06-01",206,20,3,443,4549,0.991866344251484,8295,29502,287,118,5,5226,NA,NA,5,NA
"1743","2020-06-02",196,20,3,412,4549,0.991866344251484,8295,29502,287,118,5,5231,NA,NA,5,NA
"1744","2020-06-03",178,20,3,382,4549,0.991866344251484,8295,29502,287,118,4,5235,2,639,4,2
"1745","2020-06-04",169,20,3,350,4549,0.991866344251484,8295,29502,287,118,4,5239,3,642,3,3
"1746","2020-06-05",158,20,3,326,4549,0.991866344251484,8295,29502,287,118,6,5245,1,643,6,1
"1747","2020-06-06",151,20,1,296,4549,0.991866344251484,8295,29502,287,118,4,5249,NA,NA,4,NA
"1748","2020-06-07",132,20,1,284,4549,0.991866344251484,8295,29502,287,118,3,5252,2,645,3,2
